*       Mod Dens       Boron ppm       Fuel Temp        Mod Temp
               5               4               4               0
	50.00         300.00         600.00         800.00         865.80
	0.00         800.00        1600.00        2500.00
	473.15         973.15        1373.15        1773.15
*
* ----------------------------------------------------------
* BURNUP   0.000000e+00
* ----------------------------------------------------------
*
* Transport XSEC Table
*
* GROUP       1
    1.40083E-01	    1.48444E-01	    1.51765E-01	    1.53068E-01	    1.53420E-01	
    1.40088E-01	    1.48483E-01	    1.51822E-01	    1.53130E-01	    1.53484E-01	
    1.40093E-01	    1.48523E-01	    1.51878E-01	    1.53192E-01	    1.53547E-01	
    1.40099E-01	    1.48567E-01	    1.51941E-01	    1.53261E-01	    1.53618E-01	
    1.40614E-01	    1.48813E-01	    1.52035E-01	    1.53298E-01	    1.53640E-01	
    1.40619E-01	    1.48853E-01	    1.52091E-01	    1.53360E-01	    1.53704E-01	
    1.40624E-01	    1.48892E-01	    1.52147E-01	    1.53422E-01	    1.53767E-01	
    1.40629E-01	    1.48936E-01	    1.52209E-01	    1.53491E-01	    1.53838E-01	
    1.40891E-01	    1.49025E-01	    1.52193E-01	    1.53435E-01	    1.53771E-01	
    1.40895E-01	    1.49065E-01	    1.52249E-01	    1.53497E-01	    1.53835E-01	
    1.40900E-01	    1.49104E-01	    1.52305E-01	    1.53559E-01	    1.53899E-01	
    1.40905E-01	    1.49148E-01	    1.52367E-01	    1.53628E-01	    1.53969E-01	
    1.41106E-01	    1.49203E-01	    1.52328E-01	    1.53552E-01	    1.53884E-01	
    1.41110E-01	    1.49242E-01	    1.52384E-01	    1.53614E-01	    1.53948E-01	
    1.41114E-01	    1.49281E-01	    1.52440E-01	    1.53676E-01	    1.54011E-01	
    1.41119E-01	    1.49324E-01	    1.52502E-01	    1.53745E-01	    1.54082E-01	
* GROUP       2
    1.04190E-01	    1.06301E-01	    1.07240E-01	    1.07574E-01	    1.07658E-01	
    1.04184E-01	    1.06237E-01	    1.07131E-01	    1.07446E-01	    1.07525E-01	
    1.04179E-01	    1.06177E-01	    1.07027E-01	    1.07324E-01	    1.07399E-01	
    1.04172E-01	    1.06111E-01	    1.06917E-01	    1.07196E-01	    1.07266E-01	
    1.04166E-01	    1.06250E-01	    1.07191E-01	    1.07528E-01	    1.07613E-01	
    1.04161E-01	    1.06188E-01	    1.07084E-01	    1.07402E-01	    1.07481E-01	
    1.04155E-01	    1.06129E-01	    1.06983E-01	    1.07282E-01	    1.07357E-01	
    1.04149E-01	    1.06065E-01	    1.06875E-01	    1.07156E-01	    1.07227E-01	
    1.04149E-01	    1.06213E-01	    1.07156E-01	    1.07494E-01	    1.07580E-01	
    1.04143E-01	    1.06153E-01	    1.07050E-01	    1.07369E-01	    1.07450E-01	
    1.04138E-01	    1.06095E-01	    1.06950E-01	    1.07252E-01	    1.07327E-01	
    1.04132E-01	    1.06032E-01	    1.06844E-01	    1.07127E-01	    1.07198E-01	
    1.04133E-01	    1.06178E-01	    1.07122E-01	    1.07463E-01	    1.07548E-01	
    1.04127E-01	    1.06119E-01	    1.07018E-01	    1.07339E-01	    1.07420E-01	
    1.04122E-01	    1.06062E-01	    1.06920E-01	    1.07223E-01	    1.07299E-01	
    1.04116E-01	    1.06001E-01	    1.06815E-01	    1.07100E-01	    1.07171E-01	
*
* Absorption XSEC Table
*
* GROUP       1
    3.43744E-06	    9.10875E-06	    1.05377E-05	    1.09216E-05	    1.10075E-05	
    3.42746E-06	    9.05770E-06	    1.04741E-05	    1.08538E-05	    1.09393E-05	
    3.41852E-06	    9.00858E-06	    1.04111E-05	    1.07876E-05	    1.08712E-05	
    3.40676E-06	    8.95167E-06	    1.03392E-05	    1.07127E-05	    1.07936E-05	
    3.27624E-06	    8.94230E-06	    1.04175E-05	    1.08203E-05	    1.09118E-05	
    3.26746E-06	    8.89215E-06	    1.03543E-05	    1.07535E-05	    1.08433E-05	
    3.25796E-06	    8.84348E-06	    1.02913E-05	    1.06874E-05	    1.07766E-05	
    3.24808E-06	    8.78669E-06	    1.02199E-05	    1.06131E-05	    1.06986E-05	
    3.19027E-06	    8.84443E-06	    1.03443E-05	    1.07594E-05	    1.08534E-05	
    3.18163E-06	    8.79451E-06	    1.02815E-05	    1.06919E-05	    1.07851E-05	
    3.17156E-06	    8.74599E-06	    1.02189E-05	    1.06262E-05	    1.07179E-05	
    3.16142E-06	    8.69073E-06	    1.01477E-05	    1.05529E-05	    1.06412E-05	
    3.12165E-06	    8.76120E-06	    1.02819E-05	    1.07061E-05	    1.08030E-05	
    3.11337E-06	    8.71233E-06	    1.02193E-05	    1.06386E-05	    1.07347E-05	
    3.10320E-06	    8.66408E-06	    1.01567E-05	    1.05727E-05	    1.06672E-05	
    3.09382E-06	    8.60790E-06	    1.00849E-05	    1.04991E-05	    1.05904E-05	
* GROUP       2
    2.92512E-04	    3.98460E-04	    4.41540E-04	    4.56513E-04	    4.60258E-04	
    2.92190E-04	    3.95519E-04	    4.36659E-04	    4.50833E-04	    4.54361E-04	
    2.91869E-04	    3.92691E-04	    4.32019E-04	    4.45453E-04	    4.48791E-04	
    2.91515E-04	    3.89631E-04	    4.27062E-04	    4.39736E-04	    4.42874E-04	
    2.91230E-04	    3.96237E-04	    4.39516E-04	    4.54619E-04	    4.58395E-04	
    2.90920E-04	    3.93368E-04	    4.34716E-04	    4.49016E-04	    4.52581E-04	
    2.90616E-04	    3.90604E-04	    4.30151E-04	    4.43709E-04	    4.47082E-04	
    2.90276E-04	    3.87615E-04	    4.25274E-04	    4.38071E-04	    4.41242E-04	
    2.90272E-04	    3.94573E-04	    4.38003E-04	    4.53202E-04	    4.57008E-04	
    2.89977E-04	    3.91757E-04	    4.33259E-04	    4.47659E-04	    4.51251E-04	
    2.89680E-04	    3.89042E-04	    4.28754E-04	    4.42409E-04	    4.45807E-04	
    2.89353E-04	    3.86106E-04	    4.23934E-04	    4.36826E-04	    4.40024E-04	
    2.89380E-04	    3.92983E-04	    4.36551E-04	    4.51845E-04	    4.55677E-04	
    2.89095E-04	    3.90217E-04	    4.31869E-04	    4.46358E-04	    4.49983E-04	
    2.88810E-04	    3.87548E-04	    4.27414E-04	    4.41163E-04	    4.44589E-04	
    2.88494E-04	    3.84664E-04	    4.22653E-04	    4.35636E-04	    4.38861E-04	
*
* Nu-Fission XSEC Table
*
* GROUP       1
    0.00000E+00	    0.00000E+00	    0.00000E+00	    0.00000E+00	    0.00000E+00	
    0.00000E+00	    0.00000E+00	    0.00000E+00	    0.00000E+00	    0.00000E+00	
    0.00000E+00	    0.00000E+00	    0.00000E+00	    0.00000E+00	    0.00000E+00	
    0.00000E+00	    0.00000E+00	    0.00000E+00	    0.00000E+00	    0.00000E+00	
    0.00000E+00	    0.00000E+00	    0.00000E+00	    0.00000E+00	    0.00000E+00	
    0.00000E+00	    0.00000E+00	    0.00000E+00	    0.00000E+00	    0.00000E+00	
    0.00000E+00	    0.00000E+00	    0.00000E+00	    0.00000E+00	    0.00000E+00	
    0.00000E+00	    0.00000E+00	    0.00000E+00	    0.00000E+00	    0.00000E+00	
    0.00000E+00	    0.00000E+00	    0.00000E+00	    0.00000E+00	    0.00000E+00	
    0.00000E+00	    0.00000E+00	    0.00000E+00	    0.00000E+00	    0.00000E+00	
    0.00000E+00	    0.00000E+00	    0.00000E+00	    0.00000E+00	    0.00000E+00	
    0.00000E+00	    0.00000E+00	    0.00000E+00	    0.00000E+00	    0.00000E+00	
    0.00000E+00	    0.00000E+00	    0.00000E+00	    0.00000E+00	    0.00000E+00	
    0.00000E+00	    0.00000E+00	    0.00000E+00	    0.00000E+00	    0.00000E+00	
    0.00000E+00	    0.00000E+00	    0.00000E+00	    0.00000E+00	    0.00000E+00	
    0.00000E+00	    0.00000E+00	    0.00000E+00	    0.00000E+00	    0.00000E+00	
* GROUP       2
    0.00000E+00	    0.00000E+00	    0.00000E+00	    0.00000E+00	    0.00000E+00	
    0.00000E+00	    0.00000E+00	    0.00000E+00	    0.00000E+00	    0.00000E+00	
    0.00000E+00	    0.00000E+00	    0.00000E+00	    0.00000E+00	    0.00000E+00	
    0.00000E+00	    0.00000E+00	    0.00000E+00	    0.00000E+00	    0.00000E+00	
    0.00000E+00	    0.00000E+00	    0.00000E+00	    0.00000E+00	    0.00000E+00	
    0.00000E+00	    0.00000E+00	    0.00000E+00	    0.00000E+00	    0.00000E+00	
    0.00000E+00	    0.00000E+00	    0.00000E+00	    0.00000E+00	    0.00000E+00	
    0.00000E+00	    0.00000E+00	    0.00000E+00	    0.00000E+00	    0.00000E+00	
    0.00000E+00	    0.00000E+00	    0.00000E+00	    0.00000E+00	    0.00000E+00	
    0.00000E+00	    0.00000E+00	    0.00000E+00	    0.00000E+00	    0.00000E+00	
    0.00000E+00	    0.00000E+00	    0.00000E+00	    0.00000E+00	    0.00000E+00	
    0.00000E+00	    0.00000E+00	    0.00000E+00	    0.00000E+00	    0.00000E+00	
    0.00000E+00	    0.00000E+00	    0.00000E+00	    0.00000E+00	    0.00000E+00	
    0.00000E+00	    0.00000E+00	    0.00000E+00	    0.00000E+00	    0.00000E+00	
    0.00000E+00	    0.00000E+00	    0.00000E+00	    0.00000E+00	    0.00000E+00	
    0.00000E+00	    0.00000E+00	    0.00000E+00	    0.00000E+00	    0.00000E+00	
*
* Kappa-Fission XSEC Table
*
* GROUP       1
    0.00000E+00	    0.00000E+00	    0.00000E+00	    0.00000E+00	    0.00000E+00	
    0.00000E+00	    0.00000E+00	    0.00000E+00	    0.00000E+00	    0.00000E+00	
    0.00000E+00	    0.00000E+00	    0.00000E+00	    0.00000E+00	    0.00000E+00	
    0.00000E+00	    0.00000E+00	    0.00000E+00	    0.00000E+00	    0.00000E+00	
    0.00000E+00	    0.00000E+00	    0.00000E+00	    0.00000E+00	    0.00000E+00	
    0.00000E+00	    0.00000E+00	    0.00000E+00	    0.00000E+00	    0.00000E+00	
    0.00000E+00	    0.00000E+00	    0.00000E+00	    0.00000E+00	    0.00000E+00	
    0.00000E+00	    0.00000E+00	    0.00000E+00	    0.00000E+00	    0.00000E+00	
    0.00000E+00	    0.00000E+00	    0.00000E+00	    0.00000E+00	    0.00000E+00	
    0.00000E+00	    0.00000E+00	    0.00000E+00	    0.00000E+00	    0.00000E+00	
    0.00000E+00	    0.00000E+00	    0.00000E+00	    0.00000E+00	    0.00000E+00	
    0.00000E+00	    0.00000E+00	    0.00000E+00	    0.00000E+00	    0.00000E+00	
    0.00000E+00	    0.00000E+00	    0.00000E+00	    0.00000E+00	    0.00000E+00	
    0.00000E+00	    0.00000E+00	    0.00000E+00	    0.00000E+00	    0.00000E+00	
    0.00000E+00	    0.00000E+00	    0.00000E+00	    0.00000E+00	    0.00000E+00	
    0.00000E+00	    0.00000E+00	    0.00000E+00	    0.00000E+00	    0.00000E+00	
* GROUP       2
    0.00000E+00	    0.00000E+00	    0.00000E+00	    0.00000E+00	    0.00000E+00	
    0.00000E+00	    0.00000E+00	    0.00000E+00	    0.00000E+00	    0.00000E+00	
    0.00000E+00	    0.00000E+00	    0.00000E+00	    0.00000E+00	    0.00000E+00	
    0.00000E+00	    0.00000E+00	    0.00000E+00	    0.00000E+00	    0.00000E+00	
    0.00000E+00	    0.00000E+00	    0.00000E+00	    0.00000E+00	    0.00000E+00	
    0.00000E+00	    0.00000E+00	    0.00000E+00	    0.00000E+00	    0.00000E+00	
    0.00000E+00	    0.00000E+00	    0.00000E+00	    0.00000E+00	    0.00000E+00	
    0.00000E+00	    0.00000E+00	    0.00000E+00	    0.00000E+00	    0.00000E+00	
    0.00000E+00	    0.00000E+00	    0.00000E+00	    0.00000E+00	    0.00000E+00	
    0.00000E+00	    0.00000E+00	    0.00000E+00	    0.00000E+00	    0.00000E+00	
    0.00000E+00	    0.00000E+00	    0.00000E+00	    0.00000E+00	    0.00000E+00	
    0.00000E+00	    0.00000E+00	    0.00000E+00	    0.00000E+00	    0.00000E+00	
    0.00000E+00	    0.00000E+00	    0.00000E+00	    0.00000E+00	    0.00000E+00	
    0.00000E+00	    0.00000E+00	    0.00000E+00	    0.00000E+00	    0.00000E+00	
    0.00000E+00	    0.00000E+00	    0.00000E+00	    0.00000E+00	    0.00000E+00	
    0.00000E+00	    0.00000E+00	    0.00000E+00	    0.00000E+00	    0.00000E+00	
*
* P0 Scattering XSEC Table
*
* GROUP       1 ->           1
    2.40755E-01	    2.93415E-01	    3.12279E-01	    3.18979E-01	    3.20713E-01	
    2.40757E-01	    2.93515E-01	    3.12430E-01	    3.19150E-01	    3.20887E-01	
    2.40760E-01	    2.93617E-01	    3.12582E-01	    3.19317E-01	    3.21062E-01	
    2.40762E-01	    2.93727E-01	    3.12749E-01	    3.19506E-01	    3.21254E-01	
    2.41965E-01	    2.94371E-01	    3.12985E-01	    3.19584E-01	    3.21290E-01	
    2.41965E-01	    2.94470E-01	    3.13136E-01	    3.19753E-01	    3.21465E-01	
    2.41966E-01	    2.94570E-01	    3.13286E-01	    3.19921E-01	    3.21637E-01	
    2.41969E-01	    2.94679E-01	    3.13452E-01	    3.20108E-01	    3.21829E-01	
    2.42587E-01	    2.94915E-01	    3.13398E-01	    3.19942E-01	    3.21633E-01	
    2.42589E-01	    2.95014E-01	    3.13549E-01	    3.20111E-01	    3.21806E-01	
    2.42590E-01	    2.95111E-01	    3.13699E-01	    3.20279E-01	    3.21980E-01	
    2.42590E-01	    2.95220E-01	    3.13865E-01	    3.20465E-01	    3.22169E-01	
    2.43070E-01	    2.95369E-01	    3.13749E-01	    3.20247E-01	    3.21925E-01	
    2.43071E-01	    2.95466E-01	    3.13899E-01	    3.20415E-01	    3.22100E-01	
    2.43071E-01	    2.95563E-01	    3.14048E-01	    3.20583E-01	    3.22270E-01	
    2.43071E-01	    2.95671E-01	    3.14213E-01	    3.20769E-01	    3.22462E-01	
* GROUP       1 ->           2
    2.59459E-04	    1.24676E-03	    1.55064E-03	    1.63781E-03	    1.65787E-03	
    2.57534E-04	    1.23329E-03	    1.53289E-03	    1.61872E-03	    1.63847E-03	
    2.55625E-04	    1.21998E-03	    1.51538E-03	    1.59993E-03	    1.61937E-03	
    2.53501E-04	    1.20523E-03	    1.49600E-03	    1.57913E-03	    1.59823E-03	
    2.46005E-04	    1.22595E-03	    1.53509E-03	    1.62486E-03	    1.64565E-03	
    2.44156E-04	    1.21259E-03	    1.51741E-03	    1.60584E-03	    1.62630E-03	
    2.42325E-04	    1.19942E-03	    1.49999E-03	    1.58711E-03	    1.60725E-03	
    2.40284E-04	    1.18481E-03	    1.48071E-03	    1.56637E-03	    1.58618E-03	
    2.38923E-04	    1.21477E-03	    1.52673E-03	    1.61803E-03	    1.63925E-03	
    2.37107E-04	    1.20143E-03	    1.50903E-03	    1.59895E-03	    1.61983E-03	
    2.35310E-04	    1.18828E-03	    1.49159E-03	    1.58017E-03	    1.60073E-03	
    2.33308E-04	    1.17370E-03	    1.47230E-03	    1.55941E-03	    1.57961E-03	
    2.33364E-04	    1.20612E-03	    1.52045E-03	    1.61308E-03	    1.63468E-03	
    2.31572E-04	    1.19276E-03	    1.50264E-03	    1.59384E-03	    1.61509E-03	
    2.29801E-04	    1.17957E-03	    1.48512E-03	    1.57495E-03	    1.59586E-03	
    2.27826E-04	    1.16497E-03	    1.46575E-03	    1.55408E-03	    1.57462E-03	
* GROUP       2 ->           1
    2.94548E-04	    1.09656E-04	    6.66458E-05	    5.35418E-05	    5.03782E-05	
    2.95406E-04	    1.12718E-04	    7.08261E-05	    5.81547E-05	    5.51032E-05	
    2.96260E-04	    1.15715E-04	    7.48781E-05	    6.26083E-05	    5.96603E-05	
    2.97213E-04	    1.19010E-04	    7.92928E-05	    6.74420E-05	    6.46019E-05	
    2.97111E-04	    1.09936E-04	    6.67048E-05	    5.35710E-05	    5.04019E-05	
    2.97958E-04	    1.13012E-04	    7.08979E-05	    5.81953E-05	    5.51382E-05	
    2.98801E-04	    1.16021E-04	    7.49621E-05	    6.26596E-05	    5.97059E-05	
    2.99742E-04	    1.19330E-04	    7.93905E-05	    6.75058E-05	    6.46598E-05	
    2.99115E-04	    1.10340E-04	    6.68724E-05	    5.36945E-05	    5.05172E-05	
    2.99953E-04	    1.13423E-04	    7.10734E-05	    5.83264E-05	    5.52608E-05	
    3.00787E-04	    1.16439E-04	    7.51457E-05	    6.27985E-05	    5.98361E-05	
    3.01717E-04	    1.19757E-04	    7.95825E-05	    6.76530E-05	    6.47975E-05	
    3.01000E-04	    1.10853E-04	    6.71222E-05	    5.38898E-05	    5.07014E-05	
    3.01828E-04	    1.13940E-04	    7.13289E-05	    5.85269E-05	    5.54499E-05	
    3.02651E-04	    1.16961E-04	    7.54063E-05	    6.30043E-05	    6.00302E-05	
    3.03570E-04	    1.20283E-04	    7.98491E-05	    6.78644E-05	    6.49975E-05	
* GROUP       2 ->           2
    1.24171E-01	    1.26453E-01	    1.27419E-01	    1.27758E-01	    1.27843E-01	
    1.24164E-01	    1.26386E-01	    1.27307E-01	    1.27627E-01	    1.27706E-01	
    1.24157E-01	    1.26322E-01	    1.27200E-01	    1.27503E-01	    1.27578E-01	
    1.24150E-01	    1.26253E-01	    1.27087E-01	    1.27371E-01	    1.27442E-01	
    1.24145E-01	    1.26403E-01	    1.27372E-01	    1.27713E-01	    1.27799E-01	
    1.24139E-01	    1.26338E-01	    1.27262E-01	    1.27584E-01	    1.27665E-01	
    1.24132E-01	    1.26276E-01	    1.27157E-01	    1.27462E-01	    1.27538E-01	
    1.24125E-01	    1.26208E-01	    1.27046E-01	    1.27332E-01	    1.27404E-01	
    1.24126E-01	    1.26366E-01	    1.27337E-01	    1.27681E-01	    1.27767E-01	
    1.24120E-01	    1.26303E-01	    1.27229E-01	    1.27553E-01	    1.27634E-01	
    1.24113E-01	    1.26241E-01	    1.27125E-01	    1.27432E-01	    1.27509E-01	
    1.24106E-01	    1.26175E-01	    1.27015E-01	    1.27304E-01	    1.27376E-01	
    1.24109E-01	    1.26331E-01	    1.27304E-01	    1.27649E-01	    1.27736E-01	
    1.24102E-01	    1.26269E-01	    1.27197E-01	    1.27523E-01	    1.27605E-01	
    1.24096E-01	    1.26209E-01	    1.27095E-01	    1.27404E-01	    1.27481E-01	
    1.24089E-01	    1.26144E-01	    1.26986E-01	    1.27277E-01	    1.27349E-01	
*
* ADF Table
*
* GROUP       1
    1.00000E+00	    1.00000E+00	    1.00000E+00	    1.00000E+00	    1.00000E+00	
    1.00000E+00	    1.00000E+00	    1.00000E+00	    1.00000E+00	    1.00000E+00	
    1.00000E+00	    1.00000E+00	    1.00000E+00	    1.00000E+00	    1.00000E+00	
    1.00000E+00	    1.00000E+00	    1.00000E+00	    1.00000E+00	    1.00000E+00	
    1.00000E+00	    1.00000E+00	    1.00000E+00	    1.00000E+00	    1.00000E+00	
    1.00000E+00	    1.00000E+00	    1.00000E+00	    1.00000E+00	    1.00000E+00	
    1.00000E+00	    1.00000E+00	    1.00000E+00	    1.00000E+00	    1.00000E+00	
    1.00000E+00	    1.00000E+00	    1.00000E+00	    1.00000E+00	    1.00000E+00	
    1.00000E+00	    1.00000E+00	    1.00000E+00	    1.00000E+00	    1.00000E+00	
    1.00000E+00	    1.00000E+00	    1.00000E+00	    1.00000E+00	    1.00000E+00	
    1.00000E+00	    1.00000E+00	    1.00000E+00	    1.00000E+00	    1.00000E+00	
    1.00000E+00	    1.00000E+00	    1.00000E+00	    1.00000E+00	    1.00000E+00	
    1.00000E+00	    1.00000E+00	    1.00000E+00	    1.00000E+00	    1.00000E+00	
    1.00000E+00	    1.00000E+00	    1.00000E+00	    1.00000E+00	    1.00000E+00	
    1.00000E+00	    1.00000E+00	    1.00000E+00	    1.00000E+00	    1.00000E+00	
    1.00000E+00	    1.00000E+00	    1.00000E+00	    1.00000E+00	    1.00000E+00	
* GROUP       2
    1.00000E+00	    1.00000E+00	    1.00000E+00	    1.00000E+00	    1.00000E+00	
    1.00000E+00	    1.00000E+00	    1.00000E+00	    1.00000E+00	    1.00000E+00	
    1.00000E+00	    1.00000E+00	    1.00000E+00	    1.00000E+00	    1.00000E+00	
    1.00000E+00	    1.00000E+00	    1.00000E+00	    1.00000E+00	    1.00000E+00	
    1.00000E+00	    1.00000E+00	    1.00000E+00	    1.00000E+00	    1.00000E+00	
    1.00000E+00	    1.00000E+00	    1.00000E+00	    1.00000E+00	    1.00000E+00	
    1.00000E+00	    1.00000E+00	    1.00000E+00	    1.00000E+00	    1.00000E+00	
    1.00000E+00	    1.00000E+00	    1.00000E+00	    1.00000E+00	    1.00000E+00	
    1.00000E+00	    1.00000E+00	    1.00000E+00	    1.00000E+00	    1.00000E+00	
    1.00000E+00	    1.00000E+00	    1.00000E+00	    1.00000E+00	    1.00000E+00	
    1.00000E+00	    1.00000E+00	    1.00000E+00	    1.00000E+00	    1.00000E+00	
    1.00000E+00	    1.00000E+00	    1.00000E+00	    1.00000E+00	    1.00000E+00	
    1.00000E+00	    1.00000E+00	    1.00000E+00	    1.00000E+00	    1.00000E+00	
    1.00000E+00	    1.00000E+00	    1.00000E+00	    1.00000E+00	    1.00000E+00	
    1.00000E+00	    1.00000E+00	    1.00000E+00	    1.00000E+00	    1.00000E+00	
    1.00000E+00	    1.00000E+00	    1.00000E+00	    1.00000E+00	    1.00000E+00	
*
* Fission spectrum
*
* GROUP       1              2
    0.00000E+00    0.00000E+00
*
* Inverse velocities
*
* GROUP       1              2
    5.86644E-08    2.42559E-06
*
* Delayed-Neutron Decay Constant (Lambda)
*
* GROUP       1              2              3              4              5              6
    0.00000E+00    0.00000E+00    0.00000E+00    0.00000E+00    0.00000E+00    0.00000E+00
*
* Delayed-Neutron Fraction (Beta)
*
* GROUP       1              2              3              4              5              6
    0.00000E+00    0.00000E+00    0.00000E+00    0.00000E+00    0.00000E+00    0.00000E+00
*
END