*       Mod Dens       Boron ppm       Fuel Temp        Mod Temp
               5               4               4               0
	50.00         300.00         600.00         800.00         865.80
	0.00         800.00        1600.00        2500.00
	473.15         973.15        1373.15        1773.15
*
* ----------------------------------------------------------
* BURNUP   0.000000e+00
* ----------------------------------------------------------
*
* Transport XSEC Table
*
* GROUP       1
    3.57666E-01	    3.30362E-01	    3.20314E-01	    3.16927E-01	    3.16094E-01	
    3.57659E-01	    3.30282E-01	    3.20185E-01	    3.16774E-01	    3.15934E-01	
    3.57652E-01	    3.30203E-01	    3.20058E-01	    3.16624E-01	    3.15777E-01	
    3.57645E-01	    3.30116E-01	    3.19918E-01	    3.16459E-01	    3.15604E-01	
    3.57804E-01	    3.30637E-01	    3.20654E-01	    3.17293E-01	    3.16467E-01	
    3.57798E-01	    3.30558E-01	    3.20525E-01	    3.17140E-01	    3.16306E-01	
    3.57791E-01	    3.30480E-01	    3.20399E-01	    3.16989E-01	    3.16149E-01	
    3.57784E-01	    3.30394E-01	    3.20259E-01	    3.16824E-01	    3.15975E-01	
    3.57856E-01	    3.30743E-01	    3.20798E-01	    3.17453E-01	    3.16631E-01	
    3.57850E-01	    3.30665E-01	    3.20669E-01	    3.17299E-01	    3.16469E-01	
    3.57844E-01	    3.30587E-01	    3.20542E-01	    3.17148E-01	    3.16311E-01	
    3.57837E-01	    3.30501E-01	    3.20402E-01	    3.16982E-01	    3.16137E-01	
    3.57881E-01	    3.30800E-01	    3.20886E-01	    3.17555E-01	    3.16737E-01	
    3.57875E-01	    3.30721E-01	    3.20756E-01	    3.17401E-01	    3.16575E-01	
    3.57869E-01	    3.30644E-01	    3.20630E-01	    3.17250E-01	    3.16417E-01	
    3.57863E-01	    3.30559E-01	    3.20490E-01	    3.17083E-01	    3.16243E-01	
* GROUP       2
    1.09542E+00	    1.34325E+00	    1.50307E+00	    1.58591E+00	    1.61065E+00	
    1.09502E+00	    1.33722E+00	    1.48516E+00	    1.55816E+00	    1.57934E+00	
    1.09462E+00	    1.33149E+00	    1.46908E+00	    1.53398E+00	    1.55242E+00	
    1.09417E+00	    1.32537E+00	    1.45280E+00	    1.51026E+00	    1.52622E+00	
    1.09879E+00	    1.34785E+00	    1.50815E+00	    1.59107E+00	    1.61573E+00	
    1.09839E+00	    1.34175E+00	    1.49012E+00	    1.56313E+00	    1.58429E+00	
    1.09800E+00	    1.33594E+00	    1.47391E+00	    1.53881E+00	    1.55721E+00	
    1.09755E+00	    1.32975E+00	    1.45750E+00	    1.51494E+00	    1.53087E+00	
    1.10049E+00	    1.35002E+00	    1.51056E+00	    1.59343E+00	    1.61806E+00	
    1.10010E+00	    1.34389E+00	    1.49250E+00	    1.56548E+00	    1.58664E+00	
    1.09971E+00	    1.33806E+00	    1.47626E+00	    1.54115E+00	    1.55956E+00	
    1.09927E+00	    1.33183E+00	    1.45981E+00	    1.51726E+00	    1.53321E+00	
    1.10157E+00	    1.35118E+00	    1.51183E+00	    1.59465E+00	    1.61924E+00	
    1.10118E+00	    1.34504E+00	    1.49379E+00	    1.56673E+00	    1.58787E+00	
    1.10079E+00	    1.33920E+00	    1.47756E+00	    1.54244E+00	    1.56083E+00	
    1.10035E+00	    1.33297E+00	    1.46111E+00	    1.51857E+00	    1.53444E+00	
*
* Absorption XSEC Table
*
* GROUP       1
    2.20206E-02	    4.08857E-02	    4.67652E-02	    4.86788E-02	    4.91525E-02	
    2.19996E-02	    4.07903E-02	    4.66360E-02	    4.85355E-02	    4.90052E-02	
    2.19786E-02	    4.06957E-02	    4.65081E-02	    4.83937E-02	    4.88594E-02	
    2.19552E-02	    4.05900E-02	    4.63657E-02	    4.82359E-02	    4.86974E-02	
    2.21700E-02	    4.17704E-02	    4.79888E-02	    5.00270E-02	    5.05327E-02	
    2.21494E-02	    4.16745E-02	    4.78580E-02	    4.98814E-02	    5.03828E-02	
    2.21287E-02	    4.15791E-02	    4.77284E-02	    4.97372E-02	    5.02348E-02	
    2.21056E-02	    4.14726E-02	    4.75839E-02	    4.95770E-02	    5.00701E-02	
    2.22357E-02	    4.22608E-02	    4.86964E-02	    5.08174E-02	    5.13447E-02	
    2.22152E-02	    4.21642E-02	    4.85644E-02	    5.06703E-02	    5.11931E-02	
    2.21948E-02	    4.20686E-02	    4.84336E-02	    5.05246E-02	    5.10434E-02	
    2.21718E-02	    4.19616E-02	    4.82879E-02	    5.03627E-02	    5.08769E-02	
    2.22791E-02	    4.26561E-02	    4.92866E-02	    5.14840E-02	    5.20311E-02	
    2.22588E-02	    4.25592E-02	    4.91534E-02	    5.13353E-02	    5.18781E-02	
    2.22384E-02	    4.24632E-02	    4.90217E-02	    5.11884E-02	    5.17269E-02	
    2.22156E-02	    4.23558E-02	    4.88748E-02	    5.10249E-02	    5.15588E-02	
* GROUP       2
    1.59180E+00	    3.51130E+00	    4.95850E+00	    5.66983E+00	    5.87305E+00	
    1.58889E+00	    3.44868E+00	    4.78469E+00	    5.41728E+00	    5.59530E+00	
    1.58601E+00	    3.38946E+00	    4.62700E+00	    5.19363E+00	    5.35060E+00	
    1.58281E+00	    3.32653E+00	    4.46635E+00	    4.97043E+00	    5.10808E+00	
    1.59421E+00	    3.50371E+00	    4.95290E+00	    5.66643E+00	    5.87081E+00	
    1.59137E+00	    3.44188E+00	    4.78048E+00	    5.41576E+00	    5.59472E+00	
    1.58855E+00	    3.38340E+00	    4.62413E+00	    5.19351E+00	    5.35169E+00	
    1.58542E+00	    3.32124E+00	    4.46470E+00	    4.97175E+00	    5.11040E+00	
    1.59383E+00	    3.49293E+00	    4.94187E+00	    5.65662E+00	    5.86174E+00	
    1.59104E+00	    3.43191E+00	    4.77113E+00	    5.40798E+00	    5.58749E+00	
    1.58829E+00	    3.37416E+00	    4.61611E+00	    5.18726E+00	    5.34589E+00	
    1.58522E+00	    3.31277E+00	    4.45797E+00	    4.96689E+00	    5.10603E+00	
    1.59249E+00	    3.47972E+00	    4.92734E+00	    5.64263E+00	    5.84799E+00	
    1.58976E+00	    3.41959E+00	    4.75822E+00	    5.39624E+00	    5.57613E+00	
    1.58706E+00	    3.36266E+00	    4.60481E+00	    5.17735E+00	    5.33647E+00	
    1.58406E+00	    3.30210E+00	    4.44812E+00	    4.95864E+00	    5.09866E+00	
*
* Nu-Fission XSEC Table
*
* GROUP       1
    4.61499E-03	    7.95413E-03	    9.15488E-03	    9.56478E-03	    9.66682E-03	
    4.61308E-03	    7.94957E-03	    9.15093E-03	    9.56144E-03	    9.66370E-03	
    4.61119E-03	    7.94505E-03	    9.14698E-03	    9.55809E-03	    9.66054E-03	
    4.60904E-03	    7.93996E-03	    9.14254E-03	    9.55429E-03	    9.65696E-03	
    4.58831E-03	    7.94554E-03	    9.15415E-03	    9.56628E-03	    9.66884E-03	
    4.58646E-03	    7.94104E-03	    9.15022E-03	    9.56296E-03	    9.66574E-03	
    4.58459E-03	    7.93653E-03	    9.14630E-03	    9.55963E-03	    9.66259E-03	
    4.58251E-03	    7.93149E-03	    9.14187E-03	    9.55584E-03	    9.65904E-03	
    4.57333E-03	    7.93976E-03	    9.15292E-03	    9.56641E-03	    9.66929E-03	
    4.57149E-03	    7.93525E-03	    9.14901E-03	    9.56310E-03	    9.66620E-03	
    4.56966E-03	    7.93076E-03	    9.14508E-03	    9.55977E-03	    9.66305E-03	
    4.56760E-03	    7.92575E-03	    9.14067E-03	    9.55599E-03	    9.65950E-03	
    4.56109E-03	    7.93445E-03	    9.15145E-03	    9.56611E-03	    9.66927E-03	
    4.55927E-03	    7.92997E-03	    9.14755E-03	    9.56281E-03	    9.66618E-03	
    4.55747E-03	    7.92550E-03	    9.14363E-03	    9.55948E-03	    9.66306E-03	
    4.55544E-03	    7.92048E-03	    9.13922E-03	    9.55572E-03	    9.65950E-03	
* GROUP       2
    4.24186E-02	    5.01738E-02	    5.40874E-02	    5.58442E-02	    5.63362E-02	
    4.24040E-02	    5.00072E-02	    5.36755E-02	    5.52625E-02	    5.56985E-02	
    4.23895E-02	    4.98479E-02	    5.32985E-02	    5.47412E-02	    5.51316E-02	
    4.23734E-02	    4.96767E-02	    5.29097E-02	    5.42154E-02	    5.45631E-02	
    4.24145E-02	    5.01588E-02	    5.40741E-02	    5.58312E-02	    5.63225E-02	
    4.24002E-02	    4.99913E-02	    5.36614E-02	    5.52481E-02	    5.56840E-02	
    4.23858E-02	    4.98311E-02	    5.32832E-02	    5.47258E-02	    5.51158E-02	
    4.23698E-02	    4.96591E-02	    5.28934E-02	    5.41988E-02	    5.45462E-02	
    4.23997E-02	    5.01312E-02	    5.40482E-02	    5.58055E-02	    5.62965E-02	
    4.23854E-02	    4.99635E-02	    5.36359E-02	    5.52230E-02	    5.56590E-02	
    4.23712E-02	    4.98033E-02	    5.32579E-02	    5.47009E-02	    5.50914E-02	
    4.23554E-02	    4.96311E-02	    5.28679E-02	    5.41742E-02	    5.45221E-02	
    4.23802E-02	    5.00958E-02	    5.40148E-02	    5.57725E-02	    5.62639E-02	
    4.23661E-02	    4.99284E-02	    5.36035E-02	    5.51913E-02	    5.56277E-02	
    4.23521E-02	    4.97683E-02	    5.32263E-02	    5.46705E-02	    5.50612E-02	
    4.23364E-02	    4.95965E-02	    5.28368E-02	    5.41445E-02	    5.44920E-02	
*
* Kappa-Fission XSEC Table
*
* GROUP       1
    5.51218E-14	    9.46983E-14	    1.08581E-13	    1.13271E-13	    1.14434E-13	
    5.50977E-14	    9.46366E-14	    1.08523E-13	    1.13218E-13	    1.14384E-13	
    5.50738E-14	    9.45753E-14	    1.08465E-13	    1.13166E-13	    1.14333E-13	
    5.50467E-14	    9.45065E-14	    1.08400E-13	    1.13107E-13	    1.14276E-13	
    5.47429E-14	    9.45477E-14	    1.08535E-13	    1.13257E-13	    1.14427E-13	
    5.47196E-14	    9.44866E-14	    1.08477E-13	    1.13204E-13	    1.14377E-13	
    5.46962E-14	    9.44256E-14	    1.08420E-13	    1.13152E-13	    1.14327E-13	
    5.46700E-14	    9.43574E-14	    1.08355E-13	    1.13093E-13	    1.14270E-13	
    5.45320E-14	    9.44504E-14	    1.08498E-13	    1.13238E-13	    1.14414E-13	
    5.45089E-14	    9.43894E-14	    1.08441E-13	    1.13186E-13	    1.14364E-13	
    5.44859E-14	    9.43286E-14	    1.08383E-13	    1.13134E-13	    1.14314E-13	
    5.44601E-14	    9.42607E-14	    1.08319E-13	    1.13076E-13	    1.14257E-13	
    5.43606E-14	    9.43632E-14	    1.08462E-13	    1.13218E-13	    1.14397E-13	
    5.43377E-14	    9.43025E-14	    1.08404E-13	    1.13166E-13	    1.14347E-13	
    5.43151E-14	    9.42419E-14	    1.08347E-13	    1.13114E-13	    1.14297E-13	
    5.42896E-14	    9.41742E-14	    1.08282E-13	    1.13055E-13	    1.14241E-13	
* GROUP       2
    5.41147E-13	    6.40082E-13	    6.90009E-13	    7.12420E-13	    7.18697E-13	
    5.40961E-13	    6.37956E-13	    6.84754E-13	    7.05000E-13	    7.10562E-13	
    5.40776E-13	    6.35923E-13	    6.79944E-13	    6.98350E-13	    7.03329E-13	
    5.40569E-13	    6.33740E-13	    6.74985E-13	    6.91642E-13	    6.96078E-13	
    5.41095E-13	    6.39891E-13	    6.89839E-13	    7.12254E-13	    7.18522E-13	
    5.40911E-13	    6.37753E-13	    6.84574E-13	    7.04817E-13	    7.10377E-13	
    5.40728E-13	    6.35710E-13	    6.79750E-13	    6.98153E-13	    7.03129E-13	
    5.40524E-13	    6.33516E-13	    6.74776E-13	    6.91430E-13	    6.95861E-13	
    5.40905E-13	    6.39539E-13	    6.89509E-13	    7.11927E-13	    7.18191E-13	
    5.40723E-13	    6.37400E-13	    6.84249E-13	    7.04496E-13	    7.10058E-13	
    5.40542E-13	    6.35355E-13	    6.79427E-13	    6.97835E-13	    7.02817E-13	
    5.40340E-13	    6.33159E-13	    6.74451E-13	    6.91116E-13	    6.95554E-13	
    5.40657E-13	    6.39086E-13	    6.89083E-13	    7.11506E-13	    7.17774E-13	
    5.40477E-13	    6.36951E-13	    6.83836E-13	    7.04092E-13	    7.09659E-13	
    5.40298E-13	    6.34909E-13	    6.79023E-13	    6.97447E-13	    7.02432E-13	
    5.40098E-13	    6.32716E-13	    6.74054E-13	    6.90737E-13	    6.95170E-13	
*
* P0 Scattering XSEC Table
*
* GROUP       1 ->           1
    4.31038E-01	    4.15374E-01	    4.09801E-01	    4.07988E-01	    4.07548E-01	
    4.31039E-01	    4.15374E-01	    4.09785E-01	    4.07961E-01	    4.07517E-01	
    4.31042E-01	    4.15375E-01	    4.09769E-01	    4.07935E-01	    4.07487E-01	
    4.31044E-01	    4.15376E-01	    4.09752E-01	    4.07906E-01	    4.07455E-01	
    4.33057E-01	    4.17790E-01	    4.12305E-01	    4.10525E-01	    4.10093E-01	
    4.33058E-01	    4.17790E-01	    4.12290E-01	    4.10497E-01	    4.10061E-01	
    4.33061E-01	    4.17791E-01	    4.12274E-01	    4.10471E-01	    4.10031E-01	
    4.33063E-01	    4.17793E-01	    4.12257E-01	    4.10441E-01	    4.09999E-01	
    4.34132E-01	    4.19137E-01	    4.13716E-01	    4.11956E-01	    4.11528E-01	
    4.34134E-01	    4.19138E-01	    4.13699E-01	    4.11928E-01	    4.11498E-01	
    4.34135E-01	    4.19140E-01	    4.13684E-01	    4.11901E-01	    4.11467E-01	
    4.34137E-01	    4.19139E-01	    4.13667E-01	    4.11872E-01	    4.11434E-01	
    4.34964E-01	    4.20222E-01	    4.14860E-01	    4.13119E-01	    4.12698E-01	
    4.34967E-01	    4.20222E-01	    4.14843E-01	    4.13092E-01	    4.12665E-01	
    4.34968E-01	    4.20223E-01	    4.14827E-01	    4.13065E-01	    4.12635E-01	
    4.34970E-01	    4.20224E-01	    4.14809E-01	    4.13034E-01	    4.12602E-01	
* GROUP       1 ->           2
    1.00424E-04	    5.85819E-04	    7.61871E-04	    8.18274E-04	    8.32090E-04	
    9.96204E-05	    5.78662E-04	    7.51810E-04	    8.07165E-04	    8.20709E-04	
    9.88248E-05	    5.71616E-04	    7.41921E-04	    7.96259E-04	    8.09536E-04	
    9.79395E-05	    5.63818E-04	    7.30999E-04	    7.84219E-04	    7.97212E-04	
    1.02926E-04	    6.21519E-04	    8.13557E-04	    8.75598E-04	    8.90837E-04	
    1.02102E-04	    6.13951E-04	    8.02866E-04	    8.63770E-04	    8.78713E-04	
    1.01286E-04	    6.06496E-04	    7.92360E-04	    8.52160E-04	    8.66818E-04	
    1.00377E-04	    5.98244E-04	    7.80751E-04	    8.39350E-04	    8.53697E-04	
    1.04652E-04	    6.44699E-04	    8.47011E-04	    9.12716E-04	    9.28882E-04	
    1.03812E-04	    6.36834E-04	    8.35871E-04	    9.00373E-04	    9.16224E-04	
    1.02981E-04	    6.29095E-04	    8.24927E-04	    8.88266E-04	    9.03816E-04	
    1.02055E-04	    6.20528E-04	    8.12845E-04	    8.74914E-04	    8.90136E-04	
    1.05975E-04	    6.63841E-04	    8.74811E-04	    9.43637E-04	    9.60601E-04	
    1.05123E-04	    6.55717E-04	    8.63260E-04	    9.30821E-04	    9.47453E-04	
    1.04279E-04	    6.47723E-04	    8.51924E-04	    9.18263E-04	    9.34577E-04	
    1.03339E-04	    6.38877E-04	    8.39412E-04	    9.04422E-04	    9.20394E-04	
* GROUP       2 ->           1
    7.54966E-03	    4.94335E-03	    4.06787E-03	    3.71670E-03	    3.62131E-03	
    7.55713E-03	    4.98289E-03	    4.14919E-03	    3.82636E-03	    3.74037E-03	
    7.56459E-03	    5.02119E-03	    4.22471E-03	    3.92617E-03	    3.84780E-03	
    7.57292E-03	    5.06285E-03	    4.30392E-03	    4.02852E-03	    3.95736E-03	
    1.56564E-02	    1.04173E-02	    8.61207E-03	    7.88421E-03	    7.68659E-03	
    1.56702E-02	    1.04993E-02	    8.78235E-03	    8.11472E-03	    7.93669E-03	
    1.56840E-02	    1.05785E-02	    8.94073E-03	    8.32414E-03	    8.16251E-03	
    1.56994E-02	    1.06646E-02	    9.10642E-03	    8.53883E-03	    8.39219E-03	
    2.12591E-02	    1.43946E-02	    1.19712E-02	    1.09897E-02	    1.07232E-02	
    2.12764E-02	    1.45049E-02	    1.22029E-02	    1.13037E-02	    1.10635E-02	
    2.12936E-02	    1.46115E-02	    1.24179E-02	    1.15885E-02	    1.13705E-02	
    2.13129E-02	    1.47271E-02	    1.26425E-02	    1.18800E-02	    1.16826E-02	
    2.63654E-02	    1.81476E-02	    1.51823E-02	    1.39761E-02	    1.36481E-02	
    2.63854E-02	    1.82828E-02	    1.54681E-02	    1.43646E-02	    1.40694E-02	
    2.64052E-02	    1.84133E-02	    1.57335E-02	    1.47166E-02	    1.44490E-02	
    2.64274E-02	    1.85548E-02	    1.60106E-02	    1.50767E-02	    1.48354E-02	
* GROUP       2 ->           2
    4.11335E-01	    4.28606E-01	    4.39389E-01	    4.44499E-01	    4.45947E-01	
    4.11304E-01	    4.28144E-01	    4.38166E-01	    4.42740E-01	    4.44015E-01	
    4.11273E-01	    4.27702E-01	    4.37051E-01	    4.41175E-01	    4.42306E-01	
    4.11238E-01	    4.27233E-01	    4.35909E-01	    4.39604E-01	    4.40603E-01	
    4.04425E-01	    4.24501E-01	    4.36357E-01	    4.41914E-01	    4.43486E-01	
    4.04388E-01	    4.23993E-01	    4.35035E-01	    4.40021E-01	    4.41407E-01	
    4.04350E-01	    4.23509E-01	    4.33830E-01	    4.38333E-01	    4.39567E-01	
    4.04309E-01	    4.22992E-01	    4.32593E-01	    4.36639E-01	    4.37729E-01	
    3.99619E-01	    4.21421E-01	    4.33993E-01	    4.39854E-01	    4.41513E-01	
    3.99578E-01	    4.20885E-01	    4.32609E-01	    4.37874E-01	    4.39337E-01	
    3.99537E-01	    4.20373E-01	    4.31343E-01	    4.36105E-01	    4.37407E-01	
    3.99492E-01	    4.19826E-01	    4.30043E-01	    4.34327E-01	    4.35481E-01	
    3.95048E-01	    4.18267E-01	    4.31463E-01	    4.37593E-01	    4.39326E-01	
    3.95005E-01	    4.17707E-01	    4.30023E-01	    4.35537E-01	    4.37066E-01	
    3.94962E-01	    4.17172E-01	    4.28708E-01	    4.33698E-01	    4.35062E-01	
    3.94913E-01	    4.16599E-01	    4.27354E-01	    4.31848E-01	    4.33058E-01	
*
* ADF Table
*
* GROUP       1
    1.00000E+00	    1.00000E+00	    1.00000E+00	    1.00000E+00	    1.00000E+00	
    1.00000E+00	    1.00000E+00	    1.00000E+00	    1.00000E+00	    1.00000E+00	
    1.00000E+00	    1.00000E+00	    1.00000E+00	    1.00000E+00	    1.00000E+00	
    1.00000E+00	    1.00000E+00	    1.00000E+00	    1.00000E+00	    1.00000E+00	
    1.00000E+00	    1.00000E+00	    1.00000E+00	    1.00000E+00	    1.00000E+00	
    1.00000E+00	    1.00000E+00	    1.00000E+00	    1.00000E+00	    1.00000E+00	
    1.00000E+00	    1.00000E+00	    1.00000E+00	    1.00000E+00	    1.00000E+00	
    1.00000E+00	    1.00000E+00	    1.00000E+00	    1.00000E+00	    1.00000E+00	
    1.00000E+00	    1.00000E+00	    1.00000E+00	    1.00000E+00	    1.00000E+00	
    1.00000E+00	    1.00000E+00	    1.00000E+00	    1.00000E+00	    1.00000E+00	
    1.00000E+00	    1.00000E+00	    1.00000E+00	    1.00000E+00	    1.00000E+00	
    1.00000E+00	    1.00000E+00	    1.00000E+00	    1.00000E+00	    1.00000E+00	
    1.00000E+00	    1.00000E+00	    1.00000E+00	    1.00000E+00	    1.00000E+00	
    1.00000E+00	    1.00000E+00	    1.00000E+00	    1.00000E+00	    1.00000E+00	
    1.00000E+00	    1.00000E+00	    1.00000E+00	    1.00000E+00	    1.00000E+00	
    1.00000E+00	    1.00000E+00	    1.00000E+00	    1.00000E+00	    1.00000E+00	
* GROUP       2
    1.00000E+00	    1.00000E+00	    1.00000E+00	    1.00000E+00	    1.00000E+00	
    1.00000E+00	    1.00000E+00	    1.00000E+00	    1.00000E+00	    1.00000E+00	
    1.00000E+00	    1.00000E+00	    1.00000E+00	    1.00000E+00	    1.00000E+00	
    1.00000E+00	    1.00000E+00	    1.00000E+00	    1.00000E+00	    1.00000E+00	
    1.00000E+00	    1.00000E+00	    1.00000E+00	    1.00000E+00	    1.00000E+00	
    1.00000E+00	    1.00000E+00	    1.00000E+00	    1.00000E+00	    1.00000E+00	
    1.00000E+00	    1.00000E+00	    1.00000E+00	    1.00000E+00	    1.00000E+00	
    1.00000E+00	    1.00000E+00	    1.00000E+00	    1.00000E+00	    1.00000E+00	
    1.00000E+00	    1.00000E+00	    1.00000E+00	    1.00000E+00	    1.00000E+00	
    1.00000E+00	    1.00000E+00	    1.00000E+00	    1.00000E+00	    1.00000E+00	
    1.00000E+00	    1.00000E+00	    1.00000E+00	    1.00000E+00	    1.00000E+00	
    1.00000E+00	    1.00000E+00	    1.00000E+00	    1.00000E+00	    1.00000E+00	
    1.00000E+00	    1.00000E+00	    1.00000E+00	    1.00000E+00	    1.00000E+00	
    1.00000E+00	    1.00000E+00	    1.00000E+00	    1.00000E+00	    1.00000E+00	
    1.00000E+00	    1.00000E+00	    1.00000E+00	    1.00000E+00	    1.00000E+00	
    1.00000E+00	    1.00000E+00	    1.00000E+00	    1.00000E+00	    1.00000E+00	
*
* Fission spectrum
*
* GROUP       1              2
    1.00000E+00    0.00000E+00
*
* Inverse velocities
*
* GROUP       1              2
    5.74203E-08    1.37462E-06
*
* Delayed-Neutron Decay Constant (Lambda)
*
* GROUP       1              2              3              4              5              6
    1.28761E-02    3.17193E-02    1.31033E-01    3.43588E-01    1.38700E+00    3.91897E+00
*
* Delayed-Neutron Fraction (Beta)
*
* GROUP       1              2              3              4              5              6
    2.04578E-04    1.70088E-03    1.82740E-03    4.20421E-03    2.11562E-03    6.87567E-04
*
END