*       Mod Dens       Boron ppm       Fuel Temp        Mod Temp
               5               4               4               0
	50.00         300.00         600.00         800.00         865.80
	0.00         800.00        1600.00        2500.00
	473.15         973.15        1373.15        1773.15
*
* ----------------------------------------------------------
* BURNUP   0.000000e+00
* ----------------------------------------------------------
*
* Transport XSEC Table
*
* GROUP       1
    3.46048E-01	    3.15795E-01	    3.03870E-01	    2.99381E-01	    2.98198E-01	
    3.46046E-01	    3.15758E-01	    3.03819E-01	    2.99325E-01	    2.98141E-01	
    3.46044E-01	    3.15721E-01	    3.03766E-01	    2.99269E-01	    2.98084E-01	
    3.46042E-01	    3.15679E-01	    3.03708E-01	    2.99206E-01	    2.98019E-01	
    3.46568E-01	    3.16145E-01	    3.04212E-01	    2.99723E-01	    2.98541E-01	
    3.46567E-01	    3.16109E-01	    3.04161E-01	    2.99668E-01	    2.98484E-01	
    3.46565E-01	    3.16072E-01	    3.04110E-01	    2.99612E-01	    2.98427E-01	
    3.46565E-01	    3.16032E-01	    3.04053E-01	    2.99550E-01	    2.98364E-01	
    3.46810E-01	    3.16301E-01	    3.04369E-01	    2.99883E-01	    2.98701E-01	
    3.46809E-01	    3.16266E-01	    3.04318E-01	    2.99828E-01	    2.98645E-01	
    3.46808E-01	    3.16230E-01	    3.04268E-01	    2.99773E-01	    2.98589E-01	
    3.46808E-01	    3.16190E-01	    3.04211E-01	    2.99711E-01	    2.98526E-01	
    3.46981E-01	    3.16404E-01	    3.04474E-01	    2.99991E-01	    2.98810E-01	
    3.46981E-01	    3.16369E-01	    3.04423E-01	    2.99936E-01	    2.98754E-01	
    3.46980E-01	    3.16334E-01	    3.04373E-01	    2.99881E-01	    2.98698E-01	
    3.46980E-01	    3.16294E-01	    3.04317E-01	    2.99820E-01	    2.98636E-01	
* GROUP       2
    5.44680E-01	    6.06801E-01	    6.35152E-01	    6.45726E-01	    6.48434E-01	
    5.44549E-01	    6.05332E-01	    6.32411E-01	    6.42391E-01	    6.44936E-01	
    5.44418E-01	    6.03917E-01	    6.29815E-01	    6.39252E-01	    6.41649E-01	
    5.44273E-01	    6.02386E-01	    6.27051E-01	    6.35932E-01	    6.38179E-01	
    5.45944E-01	    6.08250E-01	    6.36988E-01	    6.47742E-01	    6.50499E-01	
    5.45815E-01	    6.06790E-01	    6.34248E-01	    6.44402E-01	    6.46994E-01	
    5.45687E-01	    6.05384E-01	    6.31653E-01	    6.41258E-01	    6.43700E-01	
    5.45545E-01	    6.03862E-01	    6.28889E-01	    6.37931E-01	    6.40220E-01	
    5.46772E-01	    6.09206E-01	    6.38240E-01	    6.49134E-01	    6.51930E-01	
    5.46645E-01	    6.07755E-01	    6.35503E-01	    6.45792E-01	    6.48420E-01	
    5.46519E-01	    6.06355E-01	    6.32909E-01	    6.42643E-01	    6.45121E-01	
    5.46379E-01	    6.04841E-01	    6.30146E-01	    6.39313E-01	    6.41636E-01	
    5.47319E-01	    6.09830E-01	    6.39138E-01	    6.50163E-01	    6.52995E-01	
    5.47194E-01	    6.08387E-01	    6.36405E-01	    6.46820E-01	    6.49483E-01	
    5.47070E-01	    6.06996E-01	    6.33814E-01	    6.43671E-01	    6.46182E-01	
    5.46933E-01	    6.05490E-01	    6.31054E-01	    6.40339E-01	    6.42694E-01	
*
* Absorption XSEC Table
*
* GROUP       1
    1.62465E-02	    2.62632E-02	    2.93259E-02	    3.02399E-02	    3.04500E-02	
    1.62369E-02	    2.62294E-02	    2.92844E-02	    3.01959E-02	    3.04055E-02	
    1.62273E-02	    2.61958E-02	    2.92429E-02	    3.01521E-02	    3.03611E-02	
    1.62166E-02	    2.61581E-02	    2.91964E-02	    3.01030E-02	    3.03113E-02	
    1.64943E-02	    2.69596E-02	    3.02451E-02	    3.12396E-02	    3.14699E-02	
    1.64849E-02	    2.69258E-02	    3.02032E-02	    3.11953E-02	    3.14249E-02	
    1.64754E-02	    2.68920E-02	    3.01615E-02	    3.11510E-02	    3.13801E-02	
    1.64648E-02	    2.68541E-02	    3.01146E-02	    3.11015E-02	    3.13299E-02	
    1.66253E-02	    2.73806E-02	    3.08199E-02	    3.18716E-02	    3.21162E-02	
    1.66159E-02	    2.73466E-02	    3.07777E-02	    3.18269E-02	    3.20708E-02	
    1.66065E-02	    2.73128E-02	    3.07357E-02	    3.17823E-02	    3.20257E-02	
    1.65959E-02	    2.72747E-02	    3.06885E-02	    3.17322E-02	    3.19749E-02	
    1.67287E-02	    2.77462E-02	    3.13306E-02	    3.24368E-02	    3.26952E-02	
    1.67193E-02	    2.77120E-02	    3.12880E-02	    3.23917E-02	    3.26494E-02	
    1.67099E-02	    2.76781E-02	    3.12456E-02	    3.23466E-02	    3.26038E-02	
    1.66994E-02	    2.76399E-02	    3.11980E-02	    3.22961E-02	    3.25525E-02	
* GROUP       2
    1.69742E-01	    2.41844E-01	    2.72997E-01	    2.84170E-01	    2.86987E-01	
    1.69579E-01	    2.40133E-01	    2.69982E-01	    2.80586E-01	    2.83251E-01	
    1.69418E-01	    2.38482E-01	    2.67111E-01	    2.77190E-01	    2.79715E-01	
    1.69239E-01	    2.36692E-01	    2.64039E-01	    2.73575E-01	    2.75957E-01	
    1.69305E-01	    2.40506E-01	    2.71595E-01	    2.82782E-01	    2.85607E-01	
    1.69148E-01	    2.38837E-01	    2.68637E-01	    2.79259E-01	    2.81933E-01	
    1.68992E-01	    2.37226E-01	    2.65819E-01	    2.75920E-01	    2.78454E-01	
    1.68819E-01	    2.35479E-01	    2.62803E-01	    2.72364E-01	    2.74754E-01	
    1.68922E-01	    2.39451E-01	    2.70487E-01	    2.81684E-01	    2.84514E-01	
    1.68769E-01	    2.37813E-01	    2.67571E-01	    2.78206E-01	    2.80885E-01	
    1.68618E-01	    2.36232E-01	    2.64793E-01	    2.74908E-01	    2.77448E-01	
    1.68450E-01	    2.34517E-01	    2.61819E-01	    2.71396E-01	    2.73793E-01	
    1.68529E-01	    2.38404E-01	    2.69381E-01	    2.80585E-01	    2.83419E-01	
    1.68380E-01	    2.36796E-01	    2.66506E-01	    2.77151E-01	    2.79834E-01	
    1.68233E-01	    2.35243E-01	    2.63767E-01	    2.73894E-01	    2.76439E-01	
    1.68069E-01	    2.33558E-01	    2.60833E-01	    2.70425E-01	    2.72827E-01	
*
* Nu-Fission XSEC Table
*
* GROUP       1
    1.20395E-02	    2.03563E-02	    2.26695E-02	    2.33680E-02	    2.35337E-02	
    1.20308E-02	    2.03231E-02	    2.26290E-02	    2.33257E-02	    2.34909E-02	
    1.20221E-02	    2.02901E-02	    2.25890E-02	    2.32837E-02	    2.34485E-02	
    1.20124E-02	    2.02533E-02	    2.25443E-02	    2.32370E-02	    2.34013E-02	
    1.18379E-02	    2.02703E-02	    2.26348E-02	    2.33498E-02	    2.35195E-02	
    1.18295E-02	    2.02373E-02	    2.25944E-02	    2.33075E-02	    2.34766E-02	
    1.18211E-02	    2.02044E-02	    2.25544E-02	    2.32655E-02	    2.34343E-02	
    1.18116E-02	    2.01678E-02	    2.25098E-02	    2.32188E-02	    2.33870E-02	
    1.17266E-02	    2.02133E-02	    2.26064E-02	    2.33310E-02	    2.35030E-02	
    1.17183E-02	    2.01803E-02	    2.25660E-02	    2.32886E-02	    2.34602E-02	
    1.17100E-02	    2.01475E-02	    2.25259E-02	    2.32466E-02	    2.34177E-02	
    1.17007E-02	    2.01110E-02	    2.24813E-02	    2.31998E-02	    2.33704E-02	
    1.16364E-02	    2.01613E-02	    2.25779E-02	    2.33109E-02	    2.34850E-02	
    1.16283E-02	    2.01283E-02	    2.25374E-02	    2.32683E-02	    2.34420E-02	
    1.16201E-02	    2.00956E-02	    2.24973E-02	    2.32262E-02	    2.33994E-02	
    1.16110E-02	    2.00591E-02	    2.24527E-02	    2.31793E-02	    2.33520E-02	
* GROUP       2
    3.07833E-01	    4.43095E-01	    5.01978E-01	    5.23129E-01	    5.28465E-01	
    3.07529E-01	    4.39862E-01	    4.96269E-01	    5.16340E-01	    5.21387E-01	
    3.07227E-01	    4.36743E-01	    4.90833E-01	    5.09906E-01	    5.14688E-01	
    3.06892E-01	    4.33363E-01	    4.85019E-01	    5.03060E-01	    5.07569E-01	
    3.06972E-01	    4.40504E-01	    4.99255E-01	    5.20433E-01	    5.25782E-01	
    3.06678E-01	    4.37353E-01	    4.93656E-01	    5.13760E-01	    5.18822E-01	
    3.06388E-01	    4.34311E-01	    4.88322E-01	    5.07436E-01	    5.12233E-01	
    3.06065E-01	    4.31012E-01	    4.82616E-01	    5.00703E-01	    5.05228E-01	
    3.06235E-01	    4.38474E-01	    4.97114E-01	    5.18308E-01	    5.23666E-01	
    3.05950E-01	    4.35382E-01	    4.91597E-01	    5.11723E-01	    5.16794E-01	
    3.05668E-01	    4.32397E-01	    4.86340E-01	    5.05480E-01	    5.10287E-01	
    3.05354E-01	    4.29160E-01	    4.80714E-01	    4.98832E-01	    5.03368E-01	
    3.05485E-01	    4.36465E-01	    4.94986E-01	    5.16190E-01	    5.21555E-01	
    3.05207E-01	    4.33431E-01	    4.89548E-01	    5.09689E-01	    5.14768E-01	
    3.04933E-01	    4.30501E-01	    4.84365E-01	    5.03525E-01	    5.08342E-01	
    3.04627E-01	    4.27322E-01	    4.78817E-01	    4.96959E-01	    5.01505E-01	
*
* Kappa-Fission XSEC Table
*
* GROUP       1
    1.49041E-13	    2.51407E-13	    2.79019E-13	    2.87168E-13	    2.89077E-13	
    1.48930E-13	    2.50981E-13	    2.78500E-13	    2.86624E-13	    2.88527E-13	
    1.48819E-13	    2.50558E-13	    2.77985E-13	    2.86084E-13	    2.87982E-13	
    1.48695E-13	    2.50086E-13	    2.77411E-13	    2.85482E-13	    2.87374E-13	
    1.46422E-13	    2.50262E-13	    2.78537E-13	    2.86898E-13	    2.88860E-13	
    1.46315E-13	    2.49839E-13	    2.78018E-13	    2.86354E-13	    2.88309E-13	
    1.46207E-13	    2.49418E-13	    2.77504E-13	    2.85814E-13	    2.87764E-13	
    1.46087E-13	    2.48948E-13	    2.76930E-13	    2.85213E-13	    2.87156E-13	
    1.44977E-13	    2.49508E-13	    2.78150E-13	    2.86636E-13	    2.88629E-13	
    1.44871E-13	    2.49085E-13	    2.77631E-13	    2.86091E-13	    2.88078E-13	
    1.44766E-13	    2.48665E-13	    2.77116E-13	    2.85551E-13	    2.87532E-13	
    1.44648E-13	    2.48197E-13	    2.76543E-13	    2.84949E-13	    2.86923E-13	
    1.43808E-13	    2.48822E-13	    2.77766E-13	    2.86360E-13	    2.88380E-13	
    1.43704E-13	    2.48399E-13	    2.77246E-13	    2.85813E-13	    2.87827E-13	
    1.43601E-13	    2.47981E-13	    2.76731E-13	    2.85272E-13	    2.87280E-13	
    1.43485E-13	    2.47513E-13	    2.76158E-13	    2.84669E-13	    2.86670E-13	
* GROUP       2
    3.92712E-12	    5.65270E-12	    6.40388E-12	    6.67371E-12	    6.74178E-12	
    3.92323E-12	    5.61145E-12	    6.33105E-12	    6.58709E-12	    6.65148E-12	
    3.91939E-12	    5.57166E-12	    6.26170E-12	    6.50503E-12	    6.56603E-12	
    3.91511E-12	    5.52854E-12	    6.18753E-12	    6.41768E-12	    6.47520E-12	
    3.91613E-12	    5.61964E-12	    6.36914E-12	    6.63931E-12	    6.70755E-12	
    3.91238E-12	    5.57943E-12	    6.29771E-12	    6.55419E-12	    6.61876E-12	
    3.90868E-12	    5.54063E-12	    6.22967E-12	    6.47352E-12	    6.53471E-12	
    3.90456E-12	    5.49854E-12	    6.15687E-12	    6.38761E-12	    6.44533E-12	
    3.90674E-12	    5.59374E-12	    6.34183E-12	    6.61220E-12	    6.68056E-12	
    3.90310E-12	    5.55429E-12	    6.27144E-12	    6.52820E-12	    6.59289E-12	
    3.89949E-12	    5.51622E-12	    6.20438E-12	    6.44855E-12	    6.50988E-12	
    3.89548E-12	    5.47491E-12	    6.13262E-12	    6.36374E-12	    6.42161E-12	
    3.89716E-12	    5.56812E-12	    6.31468E-12	    6.58518E-12	    6.65362E-12	
    3.89362E-12	    5.52941E-12	    6.24530E-12	    6.50225E-12	    6.56705E-12	
    3.89012E-12	    5.49203E-12	    6.17919E-12	    6.42361E-12	    6.48506E-12	
    3.88621E-12	    5.45147E-12	    6.10840E-12	    6.33985E-12	    6.39785E-12	
*
* P0 Scattering XSEC Table
*
* GROUP       1 ->           1
    4.17856E-01	    4.01219E-01	    3.94457E-01	    3.91863E-01	    3.91168E-01	
    4.17860E-01	    4.01230E-01	    3.94468E-01	    3.91873E-01	    3.91179E-01	
    4.17864E-01	    4.01241E-01	    3.94478E-01	    3.91883E-01	    3.91189E-01	
    4.17867E-01	    4.01253E-01	    3.94490E-01	    3.91894E-01	    3.91200E-01	
    4.20212E-01	    4.03569E-01	    3.96820E-01	    3.94227E-01	    3.93533E-01	
    4.20216E-01	    4.03582E-01	    3.96832E-01	    3.94240E-01	    3.93545E-01	
    4.20219E-01	    4.03594E-01	    3.96844E-01	    3.94251E-01	    3.93557E-01	
    4.20223E-01	    4.03607E-01	    3.96858E-01	    3.94264E-01	    3.93570E-01	
    4.21435E-01	    4.04884E-01	    3.98164E-01	    3.95580E-01	    3.94887E-01	
    4.21438E-01	    4.04897E-01	    3.98176E-01	    3.95594E-01	    3.94900E-01	
    4.21441E-01	    4.04909E-01	    3.98191E-01	    3.95605E-01	    3.94912E-01	
    4.21445E-01	    4.04923E-01	    3.98204E-01	    3.95620E-01	    3.94925E-01	
    4.22375E-01	    4.05948E-01	    3.99267E-01	    3.96692E-01	    3.96000E-01	
    4.22377E-01	    4.05961E-01	    3.99281E-01	    3.96706E-01	    3.96015E-01	
    4.22380E-01	    4.05974E-01	    3.99295E-01	    3.96719E-01	    3.96028E-01	
    4.22385E-01	    4.05988E-01	    3.99308E-01	    3.96734E-01	    3.96043E-01	
* GROUP       1 ->           2
    1.05465E-04	    6.00149E-04	    7.62977E-04	    8.08824E-04	    8.19161E-04	
    1.04623E-04	    5.92912E-04	    7.53191E-04	    7.98266E-04	    8.08421E-04	
    1.03789E-04	    5.85786E-04	    7.43562E-04	    7.87885E-04	    7.97860E-04	
    1.02861E-04	    5.77895E-04	    7.32914E-04	    7.76405E-04	    7.86190E-04	
    1.07715E-04	    6.34671E-04	    8.11969E-04	    8.62480E-04	    8.73933E-04	
    1.06854E-04	    6.27037E-04	    8.01599E-04	    8.51272E-04	    8.62526E-04	
    1.06001E-04	    6.19515E-04	    7.91396E-04	    8.40250E-04	    8.51315E-04	
    1.05051E-04	    6.11185E-04	    7.80110E-04	    8.28073E-04	    8.38926E-04	
    1.09347E-04	    6.57616E-04	    8.44449E-04	    8.98096E-04	    9.10309E-04	
    1.08471E-04	    6.49683E-04	    8.33632E-04	    8.86380E-04	    8.98374E-04	
    1.07603E-04	    6.41874E-04	    8.22997E-04	    8.74871E-04	    8.86662E-04	
    1.06636E-04	    6.33227E-04	    8.11244E-04	    8.62166E-04	    8.73730E-04	
    1.10600E-04	    6.76814E-04	    8.71886E-04	    9.28318E-04	    9.41219E-04	
    1.09711E-04	    6.68609E-04	    8.60636E-04	    9.16093E-04	    9.28756E-04	
    1.08830E-04	    6.60534E-04	    8.49589E-04	    9.04109E-04	    9.16546E-04	
    1.07849E-04	    6.51596E-04	    8.37390E-04	    8.90893E-04	    9.03087E-04	
* GROUP       2 ->           1
    4.38423E-03	    1.68641E-03	    1.02605E-03	    8.21839E-04	    7.72342E-04	
    4.39294E-03	    1.72304E-03	    1.07827E-03	    8.80282E-04	    8.32413E-04	
    4.40162E-03	    1.75892E-03	    1.12891E-03	    9.36742E-04	    8.90389E-04	
    4.41131E-03	    1.79843E-03	    1.18414E-03	    9.98058E-04	    9.53278E-04	
    9.22109E-03	    3.62243E-03	    2.21512E-03	    1.77803E-03	    1.67197E-03	
    9.23815E-03	    3.69990E-03	    2.32664E-03	    1.90318E-03	    1.80068E-03	
    9.25513E-03	    3.77573E-03	    2.43475E-03	    2.02398E-03	    1.92479E-03	
    9.27407E-03	    3.85918E-03	    2.55253E-03	    2.15507E-03	    2.05935E-03	
    1.26939E-02	    5.12150E-03	    3.16311E-03	    2.55142E-03	    2.40276E-03	
    1.27161E-02	    5.22840E-03	    3.31864E-03	    2.72642E-03	    2.58287E-03	
    1.27381E-02	    5.33298E-03	    3.46928E-03	    2.89524E-03	    2.75644E-03	
    1.27628E-02	    5.44799E-03	    3.63329E-03	    3.07828E-03	    2.94441E-03	
    1.59516E-02	    6.61431E-03	    4.13201E-03	    3.35227E-03	    3.16247E-03	
    1.59780E-02	    6.74845E-03	    4.32920E-03	    3.57474E-03	    3.39159E-03	
    1.60043E-02	    6.87963E-03	    4.52004E-03	    3.78920E-03	    3.61222E-03	
    1.60336E-02	    7.02379E-03	    4.72771E-03	    4.02159E-03	    3.85103E-03	
* GROUP       2 ->           2
    3.93818E-01	    3.98381E-01	    3.99874E-01	    4.00379E-01	    4.00504E-01	
    3.93806E-01	    3.98299E-01	    3.99740E-01	    4.00223E-01	    4.00342E-01	
    3.93793E-01	    3.98218E-01	    3.99611E-01	    4.00074E-01	    4.00187E-01	
    3.93778E-01	    3.98130E-01	    3.99473E-01	    3.99914E-01	    4.00023E-01	
    3.90911E-01	    3.99699E-01	    4.02587E-01	    4.03563E-01	    4.03806E-01	
    3.90887E-01	    3.99541E-01	    4.02331E-01	    4.03265E-01	    4.03497E-01	
    3.90863E-01	    3.99387E-01	    4.02085E-01	    4.02981E-01	    4.03203E-01	
    3.90837E-01	    3.99221E-01	    4.01821E-01	    4.02676E-01	    4.02886E-01	
    3.88806E-01	    4.00539E-01	    4.04466E-01	    4.05798E-01	    4.06129E-01	
    3.88775E-01	    4.00328E-01	    4.04120E-01	    4.05396E-01	    4.05711E-01	
    3.88744E-01	    4.00122E-01	    4.03789E-01	    4.05011E-01	    4.05313E-01	
    3.88710E-01	    3.99898E-01	    4.03432E-01	    4.04598E-01	    4.04886E-01	
    3.86623E-01	    4.01018E-01	    4.05933E-01	    4.07606E-01	    4.08023E-01	
    3.86586E-01	    4.00757E-01	    4.05503E-01	    4.07105E-01	    4.07503E-01	
    3.86550E-01	    4.00503E-01	    4.05091E-01	    4.06626E-01	    4.07007E-01	
    3.86510E-01	    4.00226E-01	    4.04648E-01	    4.06113E-01	    4.06475E-01	
*
* ADF Table
*
* GROUP       1
    1.00000E+00	    1.00000E+00	    1.00000E+00	    1.00000E+00	    1.00000E+00	
    1.00000E+00	    1.00000E+00	    1.00000E+00	    1.00000E+00	    1.00000E+00	
    1.00000E+00	    1.00000E+00	    1.00000E+00	    1.00000E+00	    1.00000E+00	
    1.00000E+00	    1.00000E+00	    1.00000E+00	    1.00000E+00	    1.00000E+00	
    1.00000E+00	    1.00000E+00	    1.00000E+00	    1.00000E+00	    1.00000E+00	
    1.00000E+00	    1.00000E+00	    1.00000E+00	    1.00000E+00	    1.00000E+00	
    1.00000E+00	    1.00000E+00	    1.00000E+00	    1.00000E+00	    1.00000E+00	
    1.00000E+00	    1.00000E+00	    1.00000E+00	    1.00000E+00	    1.00000E+00	
    1.00000E+00	    1.00000E+00	    1.00000E+00	    1.00000E+00	    1.00000E+00	
    1.00000E+00	    1.00000E+00	    1.00000E+00	    1.00000E+00	    1.00000E+00	
    1.00000E+00	    1.00000E+00	    1.00000E+00	    1.00000E+00	    1.00000E+00	
    1.00000E+00	    1.00000E+00	    1.00000E+00	    1.00000E+00	    1.00000E+00	
    1.00000E+00	    1.00000E+00	    1.00000E+00	    1.00000E+00	    1.00000E+00	
    1.00000E+00	    1.00000E+00	    1.00000E+00	    1.00000E+00	    1.00000E+00	
    1.00000E+00	    1.00000E+00	    1.00000E+00	    1.00000E+00	    1.00000E+00	
    1.00000E+00	    1.00000E+00	    1.00000E+00	    1.00000E+00	    1.00000E+00	
* GROUP       2
    1.00000E+00	    1.00000E+00	    1.00000E+00	    1.00000E+00	    1.00000E+00	
    1.00000E+00	    1.00000E+00	    1.00000E+00	    1.00000E+00	    1.00000E+00	
    1.00000E+00	    1.00000E+00	    1.00000E+00	    1.00000E+00	    1.00000E+00	
    1.00000E+00	    1.00000E+00	    1.00000E+00	    1.00000E+00	    1.00000E+00	
    1.00000E+00	    1.00000E+00	    1.00000E+00	    1.00000E+00	    1.00000E+00	
    1.00000E+00	    1.00000E+00	    1.00000E+00	    1.00000E+00	    1.00000E+00	
    1.00000E+00	    1.00000E+00	    1.00000E+00	    1.00000E+00	    1.00000E+00	
    1.00000E+00	    1.00000E+00	    1.00000E+00	    1.00000E+00	    1.00000E+00	
    1.00000E+00	    1.00000E+00	    1.00000E+00	    1.00000E+00	    1.00000E+00	
    1.00000E+00	    1.00000E+00	    1.00000E+00	    1.00000E+00	    1.00000E+00	
    1.00000E+00	    1.00000E+00	    1.00000E+00	    1.00000E+00	    1.00000E+00	
    1.00000E+00	    1.00000E+00	    1.00000E+00	    1.00000E+00	    1.00000E+00	
    1.00000E+00	    1.00000E+00	    1.00000E+00	    1.00000E+00	    1.00000E+00	
    1.00000E+00	    1.00000E+00	    1.00000E+00	    1.00000E+00	    1.00000E+00	
    1.00000E+00	    1.00000E+00	    1.00000E+00	    1.00000E+00	    1.00000E+00	
    1.00000E+00	    1.00000E+00	    1.00000E+00	    1.00000E+00	    1.00000E+00	
*
* Fission spectrum
*
* GROUP       1              2
    1.00000E+00    0.00000E+00
*
* Inverse velocities
*
* GROUP       1              2
    5.63600E-08    2.34701E-06
*
* Delayed-Neutron Decay Constant (Lambda)
*
* GROUP       1              2              3              4              5              6
    1.24886E-02    3.07846E-02    1.14885E-01    3.10223E-01    1.23321E+00    3.30636E+00
*
* Delayed-Neutron Fraction (Beta)
*
* GROUP       1              2              3              4              5              6
    2.08182E-04    1.40374E-03    1.29340E-03    2.68756E-03    9.00083E-04    3.06795E-04
*
END