*       Mod Dens       Boron ppm       Fuel Temp        Mod Temp
               5               4               4               0
	50.00         300.00         600.00         800.00         865.80
	0.00         800.00        1600.00        2500.00
	473.15         973.15        1373.15        1773.15
*
* ----------------------------------------------------------
* BURNUP   0.000000e+00
* ----------------------------------------------------------
*
* Transport XSEC Table
*
* GROUP       1
    1.47312E-02	    7.59450E-02	    1.42924E-01	    1.86471E-01	    2.00700E-01	
    1.47285E-02	    7.59230E-02	    1.42871E-01	    1.86396E-01	    2.00618E-01	
    1.47259E-02	    7.59010E-02	    1.42818E-01	    1.86321E-01	    2.00536E-01	
    1.47229E-02	    7.58762E-02	    1.42758E-01	    1.86237E-01	    2.00444E-01	
    1.46599E-02	    7.57108E-02	    1.42623E-01	    1.86146E-01	    2.00370E-01	
    1.46572E-02	    7.56891E-02	    1.42571E-01	    1.86072E-01	    2.00288E-01	
    1.46546E-02	    7.56673E-02	    1.42518E-01	    1.85998E-01	    2.00207E-01	
    1.46516E-02	    7.56427E-02	    1.42459E-01	    1.85914E-01	    2.00115E-01	
    1.46234E-02	    7.55782E-02	    1.42448E-01	    1.85955E-01	    2.00175E-01	
    1.46208E-02	    7.55566E-02	    1.42396E-01	    1.85882E-01	    2.00094E-01	
    1.46182E-02	    7.55351E-02	    1.42344E-01	    1.85808E-01	    2.00013E-01	
    1.46152E-02	    7.55107E-02	    1.42285E-01	    1.85724E-01	    1.99921E-01	
    1.45954E-02	    7.54684E-02	    1.42300E-01	    1.85793E-01	    2.00008E-01	
    1.45928E-02	    7.54469E-02	    1.42248E-01	    1.85719E-01	    1.99927E-01	
    1.45901E-02	    7.54255E-02	    1.42196E-01	    1.85645E-01	    1.99847E-01	
    1.45872E-02	    7.54012E-02	    1.42137E-01	    1.85562E-01	    1.99756E-01	
* GROUP       2
    5.47916E-02	    4.01209E-01	    8.77422E-01	    1.20882E+00	    1.31920E+00	
    5.52310E-02	    4.02927E-01	    8.78021E-01	    1.20765E+00	    1.31733E+00	
    5.56702E-02	    4.04678E-01	    8.78883E-01	    1.20700E+00	    1.31608E+00	
    5.61638E-02	    4.06684E-01	    8.80134E-01	    1.20683E+00	    1.31534E+00	
    5.47299E-02	    4.00214E-01	    8.75588E-01	    1.20660E+00	    1.31687E+00	
    5.51695E-02	    4.01957E-01	    8.76263E-01	    1.20553E+00	    1.31512E+00	
    5.56088E-02	    4.03732E-01	    8.77192E-01	    1.20498E+00	    1.31397E+00	
    5.61026E-02	    4.05762E-01	    8.78515E-01	    1.20490E+00	    1.31333E+00	
    5.46793E-02	    3.99422E-01	    8.74116E-01	    1.20481E+00	    1.31500E+00	
    5.51189E-02	    4.01184E-01	    8.74850E-01	    1.20383E+00	    1.31333E+00	
    5.55582E-02	    4.02977E-01	    8.75834E-01	    1.20335E+00	    1.31227E+00	
    5.60520E-02	    4.05028E-01	    8.77214E-01	    1.20335E+00	    1.31171E+00	
    5.46305E-02	    3.98642E-01	    8.72655E-01	    1.20303E+00	    1.31313E+00	
    5.50702E-02	    4.00424E-01	    8.73448E-01	    1.20213E+00	    1.31155E+00	
    5.55095E-02	    4.02235E-01	    8.74488E-01	    1.20173E+00	    1.31057E+00	
    5.60034E-02	    4.04305E-01	    8.75923E-01	    1.20181E+00	    1.31010E+00	
*
* Absorption XSEC Table
*
* GROUP       1
    6.36030E-06	    9.40872E-05	    2.24078E-04	    3.14283E-04	    3.44270E-04	
    1.31087E-05	    2.03483E-04	    4.80893E-04	    6.71554E-04	    7.34735E-04	
    1.98229E-05	    3.11719E-04	    7.34695E-04	    1.02451E-03	    1.12047E-03	
    2.73373E-05	    4.32115E-04	    1.01667E-03	    1.41653E-03	    1.54883E-03	
    6.17136E-06	    9.28439E-05	    2.22285E-04	    3.12283E-04	    3.42220E-04	
    1.26036E-05	    2.00186E-04	    4.76100E-04	    6.66182E-04	    7.29215E-04	
    1.90037E-05	    3.06381E-04	    7.26930E-04	    1.01580E-03	    1.11152E-03	
    2.61658E-05	    4.24501E-04	    1.00558E-03	    1.40410E-03	    1.53606E-03	
    6.06867E-06	    9.21123E-05	    2.21197E-04	    3.11053E-04	    3.40956E-04	
    1.23316E-05	    1.98244E-04	    4.73189E-04	    6.62895E-04	    7.25834E-04	
    1.85625E-05	    3.03240E-04	    7.22207E-04	    1.01047E-03	    1.10602E-03	
    2.55357E-05	    4.20020E-04	    9.98849E-04	    1.39648E-03	    1.52820E-03	
    5.98669E-06	    9.14924E-05	    2.20260E-04	    3.09980E-04	    3.39850E-04	
    1.21139E-05	    1.96593E-04	    4.70672E-04	    6.60030E-04	    7.22876E-04	
    1.82104E-05	    3.00569E-04	    7.18125E-04	    1.00582E-03	    1.10121E-03	
    2.50329E-05	    4.16209E-04	    9.93013E-04	    1.38983E-03	    1.52134E-03	
* GROUP       2
    3.75344E-04	    3.10811E-03	    6.97349E-03	    9.65711E-03	    1.05493E-02	
    9.48928E-04	    7.81339E-03	    1.74661E-02	    2.41532E-02	    2.63749E-02	
    1.52156E-03	    1.24575E-02	    2.77487E-02	    3.83202E-02	    4.18303E-02	
    2.16464E-03	    1.76129E-02	    3.90831E-02	    5.38949E-02	    5.88100E-02	
    3.74396E-04	    3.09536E-03	    6.95230E-03	    9.63259E-03	    1.05239E-02	
    9.46555E-04	    7.78212E-03	    1.74147E-02	    2.40939E-02	    2.63135E-02	
    1.51779E-03	    1.24089E-02	    2.76696E-02	    3.82292E-02	    4.17362E-02	
    2.15935E-03	    1.75460E-02	    3.89755E-02	    5.37715E-02	    5.86824E-02	
    3.73673E-04	    3.08575E-03	    6.93627E-03	    9.61402E-03	    1.05046E-02	
    9.44747E-04	    7.75856E-03	    1.73758E-02	    2.40488E-02	    2.62668E-02	
    1.51492E-03	    1.23722E-02	    2.76096E-02	    3.81601E-02	    4.16646E-02	
    2.15532E-03	    1.74957E-02	    3.88938E-02	    5.36777E-02	    5.85855E-02	
    3.72991E-04	    3.07655E-03	    6.92082E-03	    9.59593E-03	    1.04859E-02	
    9.43045E-04	    7.73602E-03	    1.73383E-02	    2.40053E-02	    2.62217E-02	
    1.51222E-03	    1.23372E-02	    2.75519E-02	    3.80932E-02	    4.15955E-02	
    2.15152E-03	    1.74475E-02	    3.88152E-02	    5.35871E-02	    5.84917E-02	
*
* Nu-Fission XSEC Table
*
* GROUP       1
    0.00000E+00	    0.00000E+00	    0.00000E+00	    0.00000E+00	    0.00000E+00	
    0.00000E+00	    0.00000E+00	    0.00000E+00	    0.00000E+00	    0.00000E+00	
    0.00000E+00	    0.00000E+00	    0.00000E+00	    0.00000E+00	    0.00000E+00	
    0.00000E+00	    0.00000E+00	    0.00000E+00	    0.00000E+00	    0.00000E+00	
    0.00000E+00	    0.00000E+00	    0.00000E+00	    0.00000E+00	    0.00000E+00	
    0.00000E+00	    0.00000E+00	    0.00000E+00	    0.00000E+00	    0.00000E+00	
    0.00000E+00	    0.00000E+00	    0.00000E+00	    0.00000E+00	    0.00000E+00	
    0.00000E+00	    0.00000E+00	    0.00000E+00	    0.00000E+00	    0.00000E+00	
    0.00000E+00	    0.00000E+00	    0.00000E+00	    0.00000E+00	    0.00000E+00	
    0.00000E+00	    0.00000E+00	    0.00000E+00	    0.00000E+00	    0.00000E+00	
    0.00000E+00	    0.00000E+00	    0.00000E+00	    0.00000E+00	    0.00000E+00	
    0.00000E+00	    0.00000E+00	    0.00000E+00	    0.00000E+00	    0.00000E+00	
    0.00000E+00	    0.00000E+00	    0.00000E+00	    0.00000E+00	    0.00000E+00	
    0.00000E+00	    0.00000E+00	    0.00000E+00	    0.00000E+00	    0.00000E+00	
    0.00000E+00	    0.00000E+00	    0.00000E+00	    0.00000E+00	    0.00000E+00	
    0.00000E+00	    0.00000E+00	    0.00000E+00	    0.00000E+00	    0.00000E+00	
* GROUP       2
    0.00000E+00	    0.00000E+00	    0.00000E+00	    0.00000E+00	    0.00000E+00	
    0.00000E+00	    0.00000E+00	    0.00000E+00	    0.00000E+00	    0.00000E+00	
    0.00000E+00	    0.00000E+00	    0.00000E+00	    0.00000E+00	    0.00000E+00	
    0.00000E+00	    0.00000E+00	    0.00000E+00	    0.00000E+00	    0.00000E+00	
    0.00000E+00	    0.00000E+00	    0.00000E+00	    0.00000E+00	    0.00000E+00	
    0.00000E+00	    0.00000E+00	    0.00000E+00	    0.00000E+00	    0.00000E+00	
    0.00000E+00	    0.00000E+00	    0.00000E+00	    0.00000E+00	    0.00000E+00	
    0.00000E+00	    0.00000E+00	    0.00000E+00	    0.00000E+00	    0.00000E+00	
    0.00000E+00	    0.00000E+00	    0.00000E+00	    0.00000E+00	    0.00000E+00	
    0.00000E+00	    0.00000E+00	    0.00000E+00	    0.00000E+00	    0.00000E+00	
    0.00000E+00	    0.00000E+00	    0.00000E+00	    0.00000E+00	    0.00000E+00	
    0.00000E+00	    0.00000E+00	    0.00000E+00	    0.00000E+00	    0.00000E+00	
    0.00000E+00	    0.00000E+00	    0.00000E+00	    0.00000E+00	    0.00000E+00	
    0.00000E+00	    0.00000E+00	    0.00000E+00	    0.00000E+00	    0.00000E+00	
    0.00000E+00	    0.00000E+00	    0.00000E+00	    0.00000E+00	    0.00000E+00	
    0.00000E+00	    0.00000E+00	    0.00000E+00	    0.00000E+00	    0.00000E+00	
*
* Kappa-Fission XSEC Table
*
* GROUP       1
    0.00000E+00	    0.00000E+00	    0.00000E+00	    0.00000E+00	    0.00000E+00	
    0.00000E+00	    0.00000E+00	    0.00000E+00	    0.00000E+00	    0.00000E+00	
    0.00000E+00	    0.00000E+00	    0.00000E+00	    0.00000E+00	    0.00000E+00	
    0.00000E+00	    0.00000E+00	    0.00000E+00	    0.00000E+00	    0.00000E+00	
    0.00000E+00	    0.00000E+00	    0.00000E+00	    0.00000E+00	    0.00000E+00	
    0.00000E+00	    0.00000E+00	    0.00000E+00	    0.00000E+00	    0.00000E+00	
    0.00000E+00	    0.00000E+00	    0.00000E+00	    0.00000E+00	    0.00000E+00	
    0.00000E+00	    0.00000E+00	    0.00000E+00	    0.00000E+00	    0.00000E+00	
    0.00000E+00	    0.00000E+00	    0.00000E+00	    0.00000E+00	    0.00000E+00	
    0.00000E+00	    0.00000E+00	    0.00000E+00	    0.00000E+00	    0.00000E+00	
    0.00000E+00	    0.00000E+00	    0.00000E+00	    0.00000E+00	    0.00000E+00	
    0.00000E+00	    0.00000E+00	    0.00000E+00	    0.00000E+00	    0.00000E+00	
    0.00000E+00	    0.00000E+00	    0.00000E+00	    0.00000E+00	    0.00000E+00	
    0.00000E+00	    0.00000E+00	    0.00000E+00	    0.00000E+00	    0.00000E+00	
    0.00000E+00	    0.00000E+00	    0.00000E+00	    0.00000E+00	    0.00000E+00	
    0.00000E+00	    0.00000E+00	    0.00000E+00	    0.00000E+00	    0.00000E+00	
* GROUP       2
    0.00000E+00	    0.00000E+00	    0.00000E+00	    0.00000E+00	    0.00000E+00	
    0.00000E+00	    0.00000E+00	    0.00000E+00	    0.00000E+00	    0.00000E+00	
    0.00000E+00	    0.00000E+00	    0.00000E+00	    0.00000E+00	    0.00000E+00	
    0.00000E+00	    0.00000E+00	    0.00000E+00	    0.00000E+00	    0.00000E+00	
    0.00000E+00	    0.00000E+00	    0.00000E+00	    0.00000E+00	    0.00000E+00	
    0.00000E+00	    0.00000E+00	    0.00000E+00	    0.00000E+00	    0.00000E+00	
    0.00000E+00	    0.00000E+00	    0.00000E+00	    0.00000E+00	    0.00000E+00	
    0.00000E+00	    0.00000E+00	    0.00000E+00	    0.00000E+00	    0.00000E+00	
    0.00000E+00	    0.00000E+00	    0.00000E+00	    0.00000E+00	    0.00000E+00	
    0.00000E+00	    0.00000E+00	    0.00000E+00	    0.00000E+00	    0.00000E+00	
    0.00000E+00	    0.00000E+00	    0.00000E+00	    0.00000E+00	    0.00000E+00	
    0.00000E+00	    0.00000E+00	    0.00000E+00	    0.00000E+00	    0.00000E+00	
    0.00000E+00	    0.00000E+00	    0.00000E+00	    0.00000E+00	    0.00000E+00	
    0.00000E+00	    0.00000E+00	    0.00000E+00	    0.00000E+00	    0.00000E+00	
    0.00000E+00	    0.00000E+00	    0.00000E+00	    0.00000E+00	    0.00000E+00	
    0.00000E+00	    0.00000E+00	    0.00000E+00	    0.00000E+00	    0.00000E+00	
*
* P0 Scattering XSEC Table
*
* GROUP       1 ->           1
    4.81257E-02	    2.71825E-01	    5.27677E-01	    6.95817E-01	    7.50901E-01	
    4.80937E-02	    2.71624E-01	    5.27268E-01	    6.95259E-01	    7.50298E-01	
    4.80621E-02	    2.71422E-01	    5.26856E-01	    6.94702E-01	    7.49699E-01	
    4.80263E-02	    2.71198E-01	    5.26400E-01	    6.94080E-01	    7.49020E-01	
    4.78904E-02	    2.71099E-01	    5.26732E-01	    6.94777E-01	    7.49841E-01	
    4.78587E-02	    2.70901E-01	    5.26321E-01	    6.94227E-01	    7.49243E-01	
    4.78274E-02	    2.70702E-01	    5.25916E-01	    6.93673E-01	    7.48647E-01	
    4.77919E-02	    2.70474E-01	    5.25455E-01	    6.93056E-01	    7.47979E-01	
    4.77697E-02	    2.70690E-01	    5.26186E-01	    6.94174E-01	    7.49225E-01	
    4.77381E-02	    2.70492E-01	    5.25774E-01	    6.93627E-01	    7.48635E-01	
    4.77073E-02	    2.70293E-01	    5.25368E-01	    6.93074E-01	    7.48032E-01	
    4.76718E-02	    2.70069E-01	    5.24902E-01	    6.92459E-01	    7.47360E-01	
    4.76761E-02	    2.70348E-01	    5.25716E-01	    6.93658E-01	    7.48698E-01	
    4.76447E-02	    2.70152E-01	    5.25310E-01	    6.93106E-01	    7.48099E-01	
    4.76136E-02	    2.69957E-01	    5.24902E-01	    6.92558E-01	    7.47513E-01	
    4.75787E-02	    2.69731E-01	    5.24450E-01	    6.91942E-01	    7.46840E-01	
* GROUP       1 ->           2
    3.70853E-04	    9.51436E-03	    2.35368E-02	    3.31950E-02	    3.63945E-02	
    3.68684E-04	    9.43092E-03	    2.33175E-02	    3.28806E-02	    3.60482E-02	
    3.66531E-04	    9.34846E-03	    2.31009E-02	    3.25700E-02	    3.57064E-02	
    3.64132E-04	    9.25682E-03	    2.28604E-02	    3.22252E-02	    3.53269E-02	
    3.48903E-04	    9.32375E-03	    2.32472E-02	    3.28665E-02	    3.60557E-02	
    3.46850E-04	    9.24159E-03	    2.30299E-02	    3.25542E-02	    3.57117E-02	
    3.44810E-04	    9.16033E-03	    2.28152E-02	    3.22458E-02	    3.53722E-02	
    3.42535E-04	    9.07001E-03	    2.25768E-02	    3.19035E-02	    3.49952E-02	
    3.37103E-04	    9.21320E-03	    2.30744E-02	    3.26688E-02	    3.58515E-02	
    3.35108E-04	    9.13154E-03	    2.28579E-02	    3.23574E-02	    3.55083E-02	
    3.33128E-04	    9.05090E-03	    2.26441E-02	    3.20498E-02	    3.51696E-02	
    3.30915E-04	    8.96128E-03	    2.24067E-02	    3.17086E-02	    3.47938E-02	
    3.27694E-04	    9.12056E-03	    2.29275E-02	    3.25001E-02	    3.56771E-02	
    3.25743E-04	    9.03930E-03	    2.27113E-02	    3.21887E-02	    3.53340E-02	
    3.23807E-04	    8.95906E-03	    2.24979E-02	    3.18816E-02	    3.49957E-02	
    3.21645E-04	    8.86987E-03	    2.22611E-02	    3.15408E-02	    3.46202E-02	
* GROUP       2 ->           1
    6.84388E-04	    1.56936E-03	    1.88655E-03	    2.00496E-03	    2.03661E-03	
    6.85293E-04	    1.60294E-03	    1.98277E-03	    2.14808E-03	    2.19564E-03	
    6.86191E-04	    1.63577E-03	    2.07604E-03	    2.28637E-03	    2.34918E-03	
    6.87188E-04	    1.67186E-03	    2.17768E-03	    2.43657E-03	    2.51578E-03	
    6.87733E-04	    1.57380E-03	    1.88879E-03	    2.00633E-03	    2.03775E-03	
    6.88613E-04	    1.60745E-03	    1.98514E-03	    2.14963E-03	    2.19697E-03	
    6.89484E-04	    1.64035E-03	    2.07858E-03	    2.28809E-03	    2.35069E-03	
    6.90452E-04	    1.67650E-03	    2.18039E-03	    2.43849E-03	    2.51752E-03	
    6.90288E-04	    1.57910E-03	    1.89287E-03	    2.00985E-03	    2.04112E-03	
    6.91150E-04	    1.61276E-03	    1.98931E-03	    2.15324E-03	    2.20044E-03	
    6.92001E-04	    1.64568E-03	    2.08281E-03	    2.29182E-03	    2.35429E-03	
    6.92949E-04	    1.68185E-03	    2.18470E-03	    2.44232E-03	    2.52122E-03	
    6.92556E-04	    1.58532E-03	    1.89840E-03	    2.01501E-03	    2.04616E-03	
    6.93398E-04	    1.61897E-03	    1.99488E-03	    2.15844E-03	    2.20554E-03	
    6.94232E-04	    1.65187E-03	    2.08840E-03	    2.29705E-03	    2.35941E-03	
    6.95158E-04	    1.68802E-03	    2.19033E-03	    2.44759E-03	    2.52640E-03	
* GROUP       2 ->           2
    9.75345E-02	    6.87109E-01	    1.46389E+00	    1.99435E+00	    2.16997E+00	
    9.74282E-02	    6.84144E-01	    1.45421E+00	    1.97933E+00	    2.15310E+00	
    9.73226E-02	    6.81270E-01	    1.44494E+00	    1.96500E+00	    2.13703E+00	
    9.72041E-02	    6.78137E-01	    1.43497E+00	    1.94966E+00	    2.11985E+00	
    9.74218E-02	    6.85611E-01	    1.46140E+00	    1.99147E+00	    2.16698E+00	
    9.73173E-02	    6.82695E-01	    1.45182E+00	    1.97657E+00	    2.15025E+00	
    9.72130E-02	    6.79867E-01	    1.44265E+00	    1.96237E+00	    2.13431E+00	
    9.70961E-02	    6.76784E-01	    1.43279E+00	    1.94716E+00	    2.11727E+00	
    9.73363E-02	    6.84483E-01	    1.45951E+00	    1.98929E+00	    2.16471E+00	
    9.72326E-02	    6.81604E-01	    1.45002E+00	    1.97448E+00	    2.14808E+00	
    9.71293E-02	    6.78811E-01	    1.44092E+00	    1.96037E+00	    2.13225E+00	
    9.70135E-02	    6.75766E-01	    1.43113E+00	    1.94526E+00	    2.11530E+00	
    9.72556E-02	    6.83405E-01	    1.45770E+00	    1.98716E+00	    2.16252E+00	
    9.71531E-02	    6.80560E-01	    1.44828E+00	    1.97246E+00	    2.14599E+00	
    9.70506E-02	    6.77799E-01	    1.43926E+00	    1.95845E+00	    2.13025E+00	
    9.69360E-02	    6.74790E-01	    1.42954E+00	    1.94343E+00	    2.11341E+00	
*
* ADF Table
*
* GROUP       1
    1.00000E+00	    1.00000E+00	    1.00000E+00	    1.00000E+00	    1.00000E+00	
    1.00000E+00	    1.00000E+00	    1.00000E+00	    1.00000E+00	    1.00000E+00	
    1.00000E+00	    1.00000E+00	    1.00000E+00	    1.00000E+00	    1.00000E+00	
    1.00000E+00	    1.00000E+00	    1.00000E+00	    1.00000E+00	    1.00000E+00	
    1.00000E+00	    1.00000E+00	    1.00000E+00	    1.00000E+00	    1.00000E+00	
    1.00000E+00	    1.00000E+00	    1.00000E+00	    1.00000E+00	    1.00000E+00	
    1.00000E+00	    1.00000E+00	    1.00000E+00	    1.00000E+00	    1.00000E+00	
    1.00000E+00	    1.00000E+00	    1.00000E+00	    1.00000E+00	    1.00000E+00	
    1.00000E+00	    1.00000E+00	    1.00000E+00	    1.00000E+00	    1.00000E+00	
    1.00000E+00	    1.00000E+00	    1.00000E+00	    1.00000E+00	    1.00000E+00	
    1.00000E+00	    1.00000E+00	    1.00000E+00	    1.00000E+00	    1.00000E+00	
    1.00000E+00	    1.00000E+00	    1.00000E+00	    1.00000E+00	    1.00000E+00	
    1.00000E+00	    1.00000E+00	    1.00000E+00	    1.00000E+00	    1.00000E+00	
    1.00000E+00	    1.00000E+00	    1.00000E+00	    1.00000E+00	    1.00000E+00	
    1.00000E+00	    1.00000E+00	    1.00000E+00	    1.00000E+00	    1.00000E+00	
    1.00000E+00	    1.00000E+00	    1.00000E+00	    1.00000E+00	    1.00000E+00	
* GROUP       2
    1.00000E+00	    1.00000E+00	    1.00000E+00	    1.00000E+00	    1.00000E+00	
    1.00000E+00	    1.00000E+00	    1.00000E+00	    1.00000E+00	    1.00000E+00	
    1.00000E+00	    1.00000E+00	    1.00000E+00	    1.00000E+00	    1.00000E+00	
    1.00000E+00	    1.00000E+00	    1.00000E+00	    1.00000E+00	    1.00000E+00	
    1.00000E+00	    1.00000E+00	    1.00000E+00	    1.00000E+00	    1.00000E+00	
    1.00000E+00	    1.00000E+00	    1.00000E+00	    1.00000E+00	    1.00000E+00	
    1.00000E+00	    1.00000E+00	    1.00000E+00	    1.00000E+00	    1.00000E+00	
    1.00000E+00	    1.00000E+00	    1.00000E+00	    1.00000E+00	    1.00000E+00	
    1.00000E+00	    1.00000E+00	    1.00000E+00	    1.00000E+00	    1.00000E+00	
    1.00000E+00	    1.00000E+00	    1.00000E+00	    1.00000E+00	    1.00000E+00	
    1.00000E+00	    1.00000E+00	    1.00000E+00	    1.00000E+00	    1.00000E+00	
    1.00000E+00	    1.00000E+00	    1.00000E+00	    1.00000E+00	    1.00000E+00	
    1.00000E+00	    1.00000E+00	    1.00000E+00	    1.00000E+00	    1.00000E+00	
    1.00000E+00	    1.00000E+00	    1.00000E+00	    1.00000E+00	    1.00000E+00	
    1.00000E+00	    1.00000E+00	    1.00000E+00	    1.00000E+00	    1.00000E+00	
    1.00000E+00	    1.00000E+00	    1.00000E+00	    1.00000E+00	    1.00000E+00	
*
* Fission spectrum
*
* GROUP       1              2
    0.00000E+00    0.00000E+00
*
* Inverse velocities
*
* GROUP       1              2
    5.99242E-08    2.44464E-06
*
* Delayed-Neutron Decay Constant (Lambda)
*
* GROUP       1              2              3              4              5              6
    0.00000E+00    0.00000E+00    0.00000E+00    0.00000E+00    0.00000E+00    0.00000E+00
*
* Delayed-Neutron Fraction (Beta)
*
* GROUP       1              2              3              4              5              6
    0.00000E+00    0.00000E+00    0.00000E+00    0.00000E+00    0.00000E+00    0.00000E+00
*
END