*       Mod Dens       Boron ppm       Fuel Temp        Mod Temp
               5               4               4               0
	50.00         300.00         600.00         800.00         865.80
	0.00         800.00        1600.00        2500.00
	473.15         973.15        1373.15        1773.15
*
* ----------------------------------------------------------
* BURNUP   0.000000e+00
* ----------------------------------------------------------
*
* Transport XSEC Table
*
* GROUP       1
    1.47574E-02	    7.60508E-02	    1.43038E-01	    1.86581E-01	    2.00809E-01	
    1.47548E-02	    7.60285E-02	    1.42985E-01	    1.86507E-01	    2.00727E-01	
    1.47520E-02	    7.60060E-02	    1.42932E-01	    1.86432E-01	    2.00646E-01	
    1.47490E-02	    7.59807E-02	    1.42872E-01	    1.86348E-01	    2.00553E-01	
    1.46849E-02	    7.58177E-02	    1.42740E-01	    1.86259E-01	    2.00482E-01	
    1.46822E-02	    7.57955E-02	    1.42687E-01	    1.86186E-01	    2.00401E-01	
    1.46795E-02	    7.57733E-02	    1.42634E-01	    1.86112E-01	    2.00319E-01	
    1.46765E-02	    7.57482E-02	    1.42575E-01	    1.86028E-01	    2.00228E-01	
    1.46477E-02	    7.56855E-02	    1.42565E-01	    1.86070E-01	    2.00288E-01	
    1.46450E-02	    7.56634E-02	    1.42513E-01	    1.85996E-01	    2.00207E-01	
    1.46423E-02	    7.56413E-02	    1.42460E-01	    1.85922E-01	    2.00126E-01	
    1.46393E-02	    7.56165E-02	    1.42401E-01	    1.85839E-01	    2.00035E-01	
    1.46191E-02	    7.55756E-02	    1.42418E-01	    1.85908E-01	    2.00122E-01	
    1.46164E-02	    7.55539E-02	    1.42365E-01	    1.85834E-01	    2.00041E-01	
    1.46137E-02	    7.55318E-02	    1.42313E-01	    1.85760E-01	    1.99961E-01	
    1.46107E-02	    7.55070E-02	    1.42253E-01	    1.85677E-01	    1.99869E-01	
* GROUP       2
    5.59778E-02	    4.11179E-01	    8.94341E-01	    1.22854E+00	    1.33963E+00	
    5.64201E-02	    4.12639E-01	    8.94224E-01	    1.22641E+00	    1.33673E+00	
    5.68620E-02	    4.14145E-01	    8.94425E-01	    1.22489E+00	    1.33455E+00	
    5.73586E-02	    4.15892E-01	    8.94995E-01	    1.22382E+00	    1.33285E+00	
    5.58605E-02	    4.09951E-01	    8.92226E-01	    1.22604E+00	    1.33702E+00	
    5.63030E-02	    4.11444E-01	    8.92198E-01	    1.22403E+00	    1.33425E+00	
    5.67451E-02	    4.12982E-01	    8.92482E-01	    1.22261E+00	    1.33219E+00	
    5.72419E-02	    4.14763E-01	    8.93139E-01	    1.22166E+00	    1.33061E+00	
    5.57681E-02	    4.08968E-01	    8.90522E-01	    1.22402E+00	    1.33491E+00	
    5.62106E-02	    4.10488E-01	    8.90567E-01	    1.22210E+00	    1.33225E+00	
    5.66528E-02	    4.12051E-01	    8.90918E-01	    1.22078E+00	    1.33028E+00	
    5.71498E-02	    4.13858E-01	    8.91644E-01	    1.21992E+00	    1.32880E+00	
    5.56802E-02	    4.08000E-01	    8.88826E-01	    1.22200E+00	    1.33281E+00	
    5.61228E-02	    4.09546E-01	    8.88945E-01	    1.22019E+00	    1.33025E+00	
    5.65650E-02	    4.11134E-01	    8.89363E-01	    1.21895E+00	    1.32838E+00	
    5.70621E-02	    4.12967E-01	    8.90157E-01	    1.21818E+00	    1.32700E+00	
*
* Absorption XSEC Table
*
* GROUP       1
    6.59253E-06	    9.55505E-05	    2.25986E-04	    3.16336E-04	    3.46358E-04	
    1.36982E-05	    2.07197E-04	    4.85723E-04	    6.76735E-04	    7.40002E-04	
    2.07653E-05	    3.17641E-04	    7.42388E-04	    1.03276E-03	    1.12885E-03	
    2.86718E-05	    4.40474E-04	    1.02752E-03	    1.42816E-03	    1.56064E-03	
    6.39849E-06	    9.43283E-05	    2.24228E-04	    3.14375E-04	    3.44349E-04	
    1.31796E-05	    2.03951E-04	    4.81016E-04	    6.71461E-04	    7.34584E-04	
    1.99244E-05	    3.12388E-04	    7.34763E-04	    1.02421E-03	    1.12006E-03	
    2.74694E-05	    4.32979E-04	    1.01663E-03	    1.41594E-03	    1.54810E-03	
    6.29318E-06	    9.36082E-05	    2.23158E-04	    3.13166E-04	    3.43108E-04	
    1.29007E-05	    2.02041E-04	    4.78154E-04	    6.68227E-04	    7.31260E-04	
    1.94718E-05	    3.09293E-04	    7.30114E-04	    1.01896E-03	    1.11465E-03	
    2.68231E-05	    4.28562E-04	    1.01000E-03	    1.40844E-03	    1.54036E-03	
    6.20914E-06	    9.29991E-05	    2.22240E-04	    3.12113E-04	    3.42023E-04	
    1.26776E-05	    2.00416E-04	    4.75678E-04	    6.65411E-04	    7.28351E-04	
    1.91111E-05	    3.06661E-04	    7.26093E-04	    1.01438E-03	    1.10992E-03	
    2.63078E-05	    4.24804E-04	    1.00424E-03	    1.40189E-03	    1.53360E-03	
* GROUP       2
    3.87729E-04	    3.20164E-03	    7.11572E-03	    9.81567E-03	    1.07117E-02	
    9.79980E-04	    8.04252E-03	    1.78109E-02	    2.45360E-02	    2.67665E-02	
    1.57092E-03	    1.28135E-02	    2.82787E-02	    3.89066E-02	    4.24297E-02	
    2.23418E-03	    1.81019E-02	    3.98031E-02	    5.46885E-02	    5.96203E-02	
    3.86104E-04	    3.18646E-03	    7.09199E-03	    9.78869E-03	    1.06838E-02	
    9.75911E-04	    8.00536E-03	    1.77533E-02	    2.44708E-02	    2.66994E-02	
    1.56447E-03	    1.27557E-02	    2.81902E-02	    3.88066E-02	    4.23268E-02	
    2.22511E-03	    1.80227E-02	    3.96828E-02	    5.45530E-02	    5.94809E-02	
    3.84892E-04	    3.17500E-03	    7.07400E-03	    9.76819E-03	    1.06627E-02	
    9.72880E-04	    7.97730E-03	    1.77097E-02	    2.44212E-02	    2.66482E-02	
    1.55965E-03	    1.27122E-02	    2.81230E-02	    3.87306E-02	    4.22484E-02	
    2.21835E-03	    1.79628E-02	    3.95914E-02	    5.44499E-02	    5.93748E-02	
    3.83759E-04	    3.16401E-03	    7.05663E-03	    9.74830E-03	    1.06422E-02	
    9.70051E-04	    7.95040E-03	    1.76675E-02	    2.43733E-02	    2.65988E-02	
    1.55517E-03	    1.26704E-02	    2.80582E-02	    3.86570E-02	    4.21727E-02	
    2.21204E-03	    1.79054E-02	    3.95032E-02	    5.43502E-02	    5.92722E-02	
*
* Nu-Fission XSEC Table
*
* GROUP       1
    0.00000E+00	    0.00000E+00	    0.00000E+00	    0.00000E+00	    0.00000E+00	
    0.00000E+00	    0.00000E+00	    0.00000E+00	    0.00000E+00	    0.00000E+00	
    0.00000E+00	    0.00000E+00	    0.00000E+00	    0.00000E+00	    0.00000E+00	
    0.00000E+00	    0.00000E+00	    0.00000E+00	    0.00000E+00	    0.00000E+00	
    0.00000E+00	    0.00000E+00	    0.00000E+00	    0.00000E+00	    0.00000E+00	
    0.00000E+00	    0.00000E+00	    0.00000E+00	    0.00000E+00	    0.00000E+00	
    0.00000E+00	    0.00000E+00	    0.00000E+00	    0.00000E+00	    0.00000E+00	
    0.00000E+00	    0.00000E+00	    0.00000E+00	    0.00000E+00	    0.00000E+00	
    0.00000E+00	    0.00000E+00	    0.00000E+00	    0.00000E+00	    0.00000E+00	
    0.00000E+00	    0.00000E+00	    0.00000E+00	    0.00000E+00	    0.00000E+00	
    0.00000E+00	    0.00000E+00	    0.00000E+00	    0.00000E+00	    0.00000E+00	
    0.00000E+00	    0.00000E+00	    0.00000E+00	    0.00000E+00	    0.00000E+00	
    0.00000E+00	    0.00000E+00	    0.00000E+00	    0.00000E+00	    0.00000E+00	
    0.00000E+00	    0.00000E+00	    0.00000E+00	    0.00000E+00	    0.00000E+00	
    0.00000E+00	    0.00000E+00	    0.00000E+00	    0.00000E+00	    0.00000E+00	
    0.00000E+00	    0.00000E+00	    0.00000E+00	    0.00000E+00	    0.00000E+00	
* GROUP       2
    0.00000E+00	    0.00000E+00	    0.00000E+00	    0.00000E+00	    0.00000E+00	
    0.00000E+00	    0.00000E+00	    0.00000E+00	    0.00000E+00	    0.00000E+00	
    0.00000E+00	    0.00000E+00	    0.00000E+00	    0.00000E+00	    0.00000E+00	
    0.00000E+00	    0.00000E+00	    0.00000E+00	    0.00000E+00	    0.00000E+00	
    0.00000E+00	    0.00000E+00	    0.00000E+00	    0.00000E+00	    0.00000E+00	
    0.00000E+00	    0.00000E+00	    0.00000E+00	    0.00000E+00	    0.00000E+00	
    0.00000E+00	    0.00000E+00	    0.00000E+00	    0.00000E+00	    0.00000E+00	
    0.00000E+00	    0.00000E+00	    0.00000E+00	    0.00000E+00	    0.00000E+00	
    0.00000E+00	    0.00000E+00	    0.00000E+00	    0.00000E+00	    0.00000E+00	
    0.00000E+00	    0.00000E+00	    0.00000E+00	    0.00000E+00	    0.00000E+00	
    0.00000E+00	    0.00000E+00	    0.00000E+00	    0.00000E+00	    0.00000E+00	
    0.00000E+00	    0.00000E+00	    0.00000E+00	    0.00000E+00	    0.00000E+00	
    0.00000E+00	    0.00000E+00	    0.00000E+00	    0.00000E+00	    0.00000E+00	
    0.00000E+00	    0.00000E+00	    0.00000E+00	    0.00000E+00	    0.00000E+00	
    0.00000E+00	    0.00000E+00	    0.00000E+00	    0.00000E+00	    0.00000E+00	
    0.00000E+00	    0.00000E+00	    0.00000E+00	    0.00000E+00	    0.00000E+00	
*
* Kappa-Fission XSEC Table
*
* GROUP       1
    0.00000E+00	    0.00000E+00	    0.00000E+00	    0.00000E+00	    0.00000E+00	
    0.00000E+00	    0.00000E+00	    0.00000E+00	    0.00000E+00	    0.00000E+00	
    0.00000E+00	    0.00000E+00	    0.00000E+00	    0.00000E+00	    0.00000E+00	
    0.00000E+00	    0.00000E+00	    0.00000E+00	    0.00000E+00	    0.00000E+00	
    0.00000E+00	    0.00000E+00	    0.00000E+00	    0.00000E+00	    0.00000E+00	
    0.00000E+00	    0.00000E+00	    0.00000E+00	    0.00000E+00	    0.00000E+00	
    0.00000E+00	    0.00000E+00	    0.00000E+00	    0.00000E+00	    0.00000E+00	
    0.00000E+00	    0.00000E+00	    0.00000E+00	    0.00000E+00	    0.00000E+00	
    0.00000E+00	    0.00000E+00	    0.00000E+00	    0.00000E+00	    0.00000E+00	
    0.00000E+00	    0.00000E+00	    0.00000E+00	    0.00000E+00	    0.00000E+00	
    0.00000E+00	    0.00000E+00	    0.00000E+00	    0.00000E+00	    0.00000E+00	
    0.00000E+00	    0.00000E+00	    0.00000E+00	    0.00000E+00	    0.00000E+00	
    0.00000E+00	    0.00000E+00	    0.00000E+00	    0.00000E+00	    0.00000E+00	
    0.00000E+00	    0.00000E+00	    0.00000E+00	    0.00000E+00	    0.00000E+00	
    0.00000E+00	    0.00000E+00	    0.00000E+00	    0.00000E+00	    0.00000E+00	
    0.00000E+00	    0.00000E+00	    0.00000E+00	    0.00000E+00	    0.00000E+00	
* GROUP       2
    0.00000E+00	    0.00000E+00	    0.00000E+00	    0.00000E+00	    0.00000E+00	
    0.00000E+00	    0.00000E+00	    0.00000E+00	    0.00000E+00	    0.00000E+00	
    0.00000E+00	    0.00000E+00	    0.00000E+00	    0.00000E+00	    0.00000E+00	
    0.00000E+00	    0.00000E+00	    0.00000E+00	    0.00000E+00	    0.00000E+00	
    0.00000E+00	    0.00000E+00	    0.00000E+00	    0.00000E+00	    0.00000E+00	
    0.00000E+00	    0.00000E+00	    0.00000E+00	    0.00000E+00	    0.00000E+00	
    0.00000E+00	    0.00000E+00	    0.00000E+00	    0.00000E+00	    0.00000E+00	
    0.00000E+00	    0.00000E+00	    0.00000E+00	    0.00000E+00	    0.00000E+00	
    0.00000E+00	    0.00000E+00	    0.00000E+00	    0.00000E+00	    0.00000E+00	
    0.00000E+00	    0.00000E+00	    0.00000E+00	    0.00000E+00	    0.00000E+00	
    0.00000E+00	    0.00000E+00	    0.00000E+00	    0.00000E+00	    0.00000E+00	
    0.00000E+00	    0.00000E+00	    0.00000E+00	    0.00000E+00	    0.00000E+00	
    0.00000E+00	    0.00000E+00	    0.00000E+00	    0.00000E+00	    0.00000E+00	
    0.00000E+00	    0.00000E+00	    0.00000E+00	    0.00000E+00	    0.00000E+00	
    0.00000E+00	    0.00000E+00	    0.00000E+00	    0.00000E+00	    0.00000E+00	
    0.00000E+00	    0.00000E+00	    0.00000E+00	    0.00000E+00	    0.00000E+00	
*
* P0 Scattering XSEC Table
*
* GROUP       1 ->           1
    4.81945E-02	    2.72031E-01	    5.27906E-01	    6.96033E-01	    7.51124E-01	
    4.81622E-02	    2.71829E-01	    5.27499E-01	    6.95487E-01	    7.50522E-01	
    4.81306E-02	    2.71630E-01	    5.27090E-01	    6.94936E-01	    7.49929E-01	
    4.80948E-02	    2.71407E-01	    5.26628E-01	    6.94312E-01	    7.49253E-01	
    4.79568E-02	    2.71310E-01	    5.26967E-01	    6.95006E-01	    7.50074E-01	
    4.79249E-02	    2.71113E-01	    5.26559E-01	    6.94457E-01	    7.49474E-01	
    4.78937E-02	    2.70913E-01	    5.26148E-01	    6.93908E-01	    7.48877E-01	
    4.78583E-02	    2.70686E-01	    5.25692E-01	    6.93296E-01	    7.48211E-01	
    4.78337E-02	    2.70898E-01	    5.26416E-01	    6.94405E-01	    7.49458E-01	
    4.78027E-02	    2.70697E-01	    5.26010E-01	    6.93856E-01	    7.48861E-01	
    4.77711E-02	    2.70499E-01	    5.25603E-01	    6.93314E-01	    7.48269E-01	
    4.77356E-02	    2.70279E-01	    5.25148E-01	    6.92695E-01	    7.47598E-01	
    4.77394E-02	    2.70557E-01	    5.25950E-01	    6.93890E-01	    7.48926E-01	
    4.77076E-02	    2.70361E-01	    5.25543E-01	    6.93345E-01	    7.48335E-01	
    4.76768E-02	    2.70161E-01	    5.25139E-01	    6.92799E-01	    7.47745E-01	
    4.76413E-02	    2.69939E-01	    5.24681E-01	    6.92180E-01	    7.47075E-01	
* GROUP       1 ->           2
    4.09180E-04	    9.78981E-03	    2.39008E-02	    3.35870E-02	    3.67932E-02	
    4.06702E-04	    9.70318E-03	    2.36770E-02	    3.32674E-02	    3.64417E-02	
    4.04240E-04	    9.61753E-03	    2.34560E-02	    3.29519E-02	    3.60948E-02	
    4.01498E-04	    9.52237E-03	    2.32105E-02	    3.26018E-02	    3.57098E-02	
    3.86427E-04	    9.60324E-03	    2.36179E-02	    3.32659E-02	    3.64623E-02	
    3.84062E-04	    9.51772E-03	    2.33959E-02	    3.29484E-02	    3.61129E-02	
    3.81717E-04	    9.43324E-03	    2.31767E-02	    3.26350E-02	    3.57681E-02	
    3.79101E-04	    9.33936E-03	    2.29333E-02	    3.22870E-02	    3.53854E-02	
    3.74282E-04	    9.49543E-03	    2.34495E-02	    3.30733E-02	    3.62633E-02	
    3.71971E-04	    9.41042E-03	    2.32281E-02	    3.27563E-02	    3.59145E-02	
    3.69682E-04	    9.32643E-03	    2.30095E-02	    3.24435E-02	    3.55702E-02	
    3.67129E-04	    9.23310E-03	    2.27670E-02	    3.20964E-02	    3.51884E-02	
    3.64644E-04	    9.40560E-03	    2.33070E-02	    3.29096E-02	    3.60942E-02	
    3.62376E-04	    9.32090E-03	    2.30856E-02	    3.25924E-02	    3.57449E-02	
    3.60130E-04	    9.23709E-03	    2.28672E-02	    3.22796E-02	    3.54006E-02	
    3.57623E-04	    9.14412E-03	    2.26249E-02	    3.19327E-02	    3.50189E-02	
* GROUP       2 ->           1
    6.02629E-04	    1.34846E-03	    1.62505E-03	    1.73405E-03	    1.76398E-03	
    6.03959E-04	    1.38534E-03	    1.72652E-03	    1.88313E-03	    1.92914E-03	
    6.05277E-04	    1.42137E-03	    1.82479E-03	    2.02703E-03	    2.08841E-03	
    6.06744E-04	    1.46090E-03	    1.93174E-03	    2.18312E-03	    2.26106E-03	
    6.07118E-04	    1.35185E-03	    1.62619E-03	    1.73445E-03	    1.76418E-03	
    6.08422E-04	    1.38885E-03	    1.72787E-03	    1.88375E-03	    1.92957E-03	
    6.09714E-04	    1.42499E-03	    1.82634E-03	    2.02785E-03	    2.08906E-03	
    6.11152E-04	    1.46464E-03	    1.93351E-03	    2.18420E-03	    2.26198E-03	
    6.10778E-04	    1.35678E-03	    1.62976E-03	    1.73748E-03	    1.76710E-03	
    6.12060E-04	    1.39383E-03	    1.73154E-03	    1.88692E-03	    1.93262E-03	
    6.13330E-04	    1.43001E-03	    1.83012E-03	    2.03115E-03	    2.09224E-03	
    6.14742E-04	    1.46972E-03	    1.93740E-03	    2.18763E-03	    2.26528E-03	
    6.14272E-04	    1.36302E-03	    1.63508E-03	    1.74240E-03	    1.77192E-03	
    6.15530E-04	    1.40008E-03	    1.73692E-03	    1.89189E-03	    1.93749E-03	
    6.16776E-04	    1.43626E-03	    1.83553E-03	    2.03619E-03	    2.09718E-03	
    6.18161E-04	    1.47598E-03	    1.94287E-03	    2.19274E-03	    2.27029E-03	
* GROUP       2 ->           2
    9.90305E-02	    6.98158E-01	    1.48067E+00	    2.01306E+00	    2.18912E+00	
    9.89089E-02	    6.94825E-01	    1.47025E+00	    1.99713E+00	    2.17131E+00	
    9.87884E-02	    6.91599E-01	    1.46029E+00	    1.98198E+00	    2.15439E+00	
    9.86532E-02	    6.88095E-01	    1.44960E+00	    1.96579E+00	    2.13631E+00	
    9.88389E-02	    6.96378E-01	    1.47788E+00	    2.00989E+00	    2.18585E+00	
    9.87199E-02	    6.93104E-01	    1.46758E+00	    1.99410E+00	    2.16819E+00	
    9.86017E-02	    6.89938E-01	    1.45773E+00	    1.97909E+00	    2.15141E+00	
    9.84692E-02	    6.86493E-01	    1.44716E+00	    1.96304E+00	    2.13349E+00	
    9.86961E-02	    6.95034E-01	    1.47577E+00	    2.00747E+00	    2.18336E+00	
    9.85788E-02	    6.91808E-01	    1.46556E+00	    1.99181E+00	    2.16582E+00	
    9.84622E-02	    6.88682E-01	    1.45580E+00	    1.97690E+00	    2.14915E+00	
    9.83317E-02	    6.85284E-01	    1.44532E+00	    1.96095E+00	    2.13134E+00	
    9.85624E-02	    6.93746E-01	    1.47373E+00	    2.00514E+00	    2.18096E+00	
    9.84470E-02	    6.90563E-01	    1.46361E+00	    1.98958E+00	    2.16353E+00	
    9.83320E-02	    6.87480E-01	    1.45393E+00	    1.97477E+00	    2.14696E+00	
    9.82032E-02	    6.84124E-01	    1.44353E+00	    1.95893E+00	    2.12926E+00	
*
* ADF Table
*
* GROUP       1
    1.00000E+00	    1.00000E+00	    1.00000E+00	    1.00000E+00	    1.00000E+00	
    1.00000E+00	    1.00000E+00	    1.00000E+00	    1.00000E+00	    1.00000E+00	
    1.00000E+00	    1.00000E+00	    1.00000E+00	    1.00000E+00	    1.00000E+00	
    1.00000E+00	    1.00000E+00	    1.00000E+00	    1.00000E+00	    1.00000E+00	
    1.00000E+00	    1.00000E+00	    1.00000E+00	    1.00000E+00	    1.00000E+00	
    1.00000E+00	    1.00000E+00	    1.00000E+00	    1.00000E+00	    1.00000E+00	
    1.00000E+00	    1.00000E+00	    1.00000E+00	    1.00000E+00	    1.00000E+00	
    1.00000E+00	    1.00000E+00	    1.00000E+00	    1.00000E+00	    1.00000E+00	
    1.00000E+00	    1.00000E+00	    1.00000E+00	    1.00000E+00	    1.00000E+00	
    1.00000E+00	    1.00000E+00	    1.00000E+00	    1.00000E+00	    1.00000E+00	
    1.00000E+00	    1.00000E+00	    1.00000E+00	    1.00000E+00	    1.00000E+00	
    1.00000E+00	    1.00000E+00	    1.00000E+00	    1.00000E+00	    1.00000E+00	
    1.00000E+00	    1.00000E+00	    1.00000E+00	    1.00000E+00	    1.00000E+00	
    1.00000E+00	    1.00000E+00	    1.00000E+00	    1.00000E+00	    1.00000E+00	
    1.00000E+00	    1.00000E+00	    1.00000E+00	    1.00000E+00	    1.00000E+00	
    1.00000E+00	    1.00000E+00	    1.00000E+00	    1.00000E+00	    1.00000E+00	
* GROUP       2
    1.00000E+00	    1.00000E+00	    1.00000E+00	    1.00000E+00	    1.00000E+00	
    1.00000E+00	    1.00000E+00	    1.00000E+00	    1.00000E+00	    1.00000E+00	
    1.00000E+00	    1.00000E+00	    1.00000E+00	    1.00000E+00	    1.00000E+00	
    1.00000E+00	    1.00000E+00	    1.00000E+00	    1.00000E+00	    1.00000E+00	
    1.00000E+00	    1.00000E+00	    1.00000E+00	    1.00000E+00	    1.00000E+00	
    1.00000E+00	    1.00000E+00	    1.00000E+00	    1.00000E+00	    1.00000E+00	
    1.00000E+00	    1.00000E+00	    1.00000E+00	    1.00000E+00	    1.00000E+00	
    1.00000E+00	    1.00000E+00	    1.00000E+00	    1.00000E+00	    1.00000E+00	
    1.00000E+00	    1.00000E+00	    1.00000E+00	    1.00000E+00	    1.00000E+00	
    1.00000E+00	    1.00000E+00	    1.00000E+00	    1.00000E+00	    1.00000E+00	
    1.00000E+00	    1.00000E+00	    1.00000E+00	    1.00000E+00	    1.00000E+00	
    1.00000E+00	    1.00000E+00	    1.00000E+00	    1.00000E+00	    1.00000E+00	
    1.00000E+00	    1.00000E+00	    1.00000E+00	    1.00000E+00	    1.00000E+00	
    1.00000E+00	    1.00000E+00	    1.00000E+00	    1.00000E+00	    1.00000E+00	
    1.00000E+00	    1.00000E+00	    1.00000E+00	    1.00000E+00	    1.00000E+00	
    1.00000E+00	    1.00000E+00	    1.00000E+00	    1.00000E+00	    1.00000E+00	
*
* Fission spectrum
*
* GROUP       1              2
    0.00000E+00    0.00000E+00
*
* Inverse velocities
*
* GROUP       1              2
    6.04487E-08    2.48352E-06
*
* Delayed-Neutron Decay Constant (Lambda)
*
* GROUP       1              2              3              4              5              6
    0.00000E+00    0.00000E+00    0.00000E+00    0.00000E+00    0.00000E+00    0.00000E+00
*
* Delayed-Neutron Fraction (Beta)
*
* GROUP       1              2              3              4              5              6
    0.00000E+00    0.00000E+00    0.00000E+00    0.00000E+00    0.00000E+00    0.00000E+00
*
END