*       Mod Dens       Boron ppm       Fuel Temp        Mod Temp
               5               4               4               0
	50.00         300.00         600.00         800.00         865.80
	0.00         800.00        1600.00        2500.00
	473.15         973.15        1373.15        1773.15
*
* ----------------------------------------------------------
* BURNUP   0.000000e+00
* ----------------------------------------------------------
*
* Transport XSEC Table
*
* GROUP       1
    1.46403E-01	    1.74541E-01	    2.11571E-01	    2.36118E-01	    2.44142E-01	
    1.46402E-01	    1.74519E-01	    2.11525E-01	    2.36057E-01	    2.44076E-01	
    1.46400E-01	    1.74496E-01	    2.11479E-01	    2.35996E-01	    2.44010E-01	
    1.46399E-01	    1.74471E-01	    2.11427E-01	    2.35927E-01	    2.43936E-01	
    1.46534E-01	    1.74472E-01	    2.11451E-01	    2.35982E-01	    2.44003E-01	
    1.46533E-01	    1.74450E-01	    2.11405E-01	    2.35921E-01	    2.43937E-01	
    1.46531E-01	    1.74429E-01	    2.11359E-01	    2.35860E-01	    2.43872E-01	
    1.46530E-01	    1.74404E-01	    2.11308E-01	    2.35792E-01	    2.43797E-01	
    1.46595E-01	    1.74424E-01	    2.11372E-01	    2.35895E-01	    2.43913E-01	
    1.46594E-01	    1.74403E-01	    2.11327E-01	    2.35834E-01	    2.43848E-01	
    1.46593E-01	    1.74381E-01	    2.11281E-01	    2.35774E-01	    2.43783E-01	
    1.46592E-01	    1.74356E-01	    2.11230E-01	    2.35705E-01	    2.43709E-01	
    1.46639E-01	    1.74377E-01	    2.11300E-01	    2.35814E-01	    2.43831E-01	
    1.46638E-01	    1.74355E-01	    2.11254E-01	    2.35754E-01	    2.43766E-01	
    1.46637E-01	    1.74333E-01	    2.11208E-01	    2.35693E-01	    2.43701E-01	
    1.46636E-01	    1.74309E-01	    2.11157E-01	    2.35625E-01	    2.43627E-01	
* GROUP       2
    2.27179E-01	    4.58685E-01	    7.57868E-01	    9.63015E-01	    1.03110E+00	
    2.27402E-01	    4.59085E-01	    7.56860E-01	    9.60486E-01	    1.02800E+00	
    2.27624E-01	    4.59530E-01	    7.56091E-01	    9.58396E-01	    1.02542E+00	
    2.27874E-01	    4.60080E-01	    7.55484E-01	    9.56516E-01	    1.02306E+00	
    2.27380E-01	    4.58305E-01	    7.56853E-01	    9.61567E-01	    1.02951E+00	
    2.27603E-01	    4.58727E-01	    7.55905E-01	    9.59127E-01	    1.02651E+00	
    2.27826E-01	    4.59192E-01	    7.55191E-01	    9.57119E-01	    1.02401E+00	
    2.28078E-01	    4.59764E-01	    7.54641E-01	    9.55321E-01	    1.02175E+00	
    2.27490E-01	    4.57948E-01	    7.55994E-01	    9.60373E-01	    1.02820E+00	
    2.27714E-01	    4.58387E-01	    7.55095E-01	    9.58004E-01	    1.02528E+00	
    2.27938E-01	    4.58868E-01	    7.54425E-01	    9.56060E-01	    1.02286E+00	
    2.28190E-01	    4.59457E-01	    7.53921E-01	    9.54327E-01	    1.02066E+00	
    2.27519E-01	    4.57504E-01	    7.55051E-01	    9.59098E-01	    1.02682E+00	
    2.27744E-01	    4.57960E-01	    7.54199E-01	    9.56799E-01	    1.02397E+00	
    2.27969E-01	    4.58458E-01	    7.53574E-01	    9.54919E-01	    1.02162E+00	
    2.28223E-01	    4.59064E-01	    7.53115E-01	    9.53252E-01	    1.01950E+00	
*
* Absorption XSEC Table
*
* GROUP       1
    5.14374E-03	    8.26070E-03	    9.31155E-03	    9.68133E-03	    9.77653E-03	
    5.14486E-03	    8.31545E-03	    9.44982E-03	    9.87697E-03	    9.99115E-03	
    5.14593E-03	    8.36952E-03	    9.58632E-03	    1.00701E-02	    1.02030E-02	
    5.14714E-03	    8.42955E-03	    9.73782E-03	    1.02844E-02	    1.04380E-02	
    5.21721E-03	    8.47134E-03	    9.59018E-03	    9.98544E-03	    1.00872E-02	
    5.21814E-03	    8.52486E-03	    9.72665E-03	    1.01791E-02	    1.02997E-02	
    5.21908E-03	    8.57774E-03	    9.86140E-03	    1.03702E-02	    1.05095E-02	
    5.22011E-03	    8.63644E-03	    1.00109E-02	    1.05823E-02	    1.07423E-02	
    5.25597E-03	    8.59861E-03	    9.76442E-03	    1.01777E-02	    1.02841E-02	
    5.25681E-03	    8.65141E-03	    9.89979E-03	    1.03701E-02	    1.04953E-02	
    5.25765E-03	    8.70356E-03	    1.00334E-02	    1.05599E-02	    1.07038E-02	
    5.25859E-03	    8.76145E-03	    1.01817E-02	    1.07706E-02	    1.09351E-02	
    5.28657E-03	    8.70918E-03	    9.91932E-03	    1.03498E-02	    1.04606E-02	
    5.28735E-03	    8.76136E-03	    1.00536E-02	    1.05410E-02	    1.06707E-02	
    5.28813E-03	    8.81283E-03	    1.01862E-02	    1.07297E-02	    1.08779E-02	
    5.28900E-03	    8.87002E-03	    1.03334E-02	    1.09391E-02	    1.11079E-02	
* GROUP       2
    5.21319E-02	    7.30743E-02	    8.25263E-02	    8.65289E-02	    8.76549E-02	
    5.24219E-02	    7.54805E-02	    8.82096E-02	    9.45725E-02	    9.64919E-02	
    5.27118E-02	    7.78614E-02	    9.37859E-02	    1.02437E-01	    1.05124E-01	
    5.30378E-02	    8.05113E-02	    9.99409E-02	    1.11088E-01	    1.14611E-01	
    5.18937E-02	    7.26267E-02	    8.20898E-02	    8.61065E-02	    8.72371E-02	
    5.21850E-02	    7.50327E-02	    8.77681E-02	    9.41425E-02	    9.60657E-02	
    5.24762E-02	    7.74137E-02	    9.33403E-02	    1.02001E-01	    1.04691E-01	
    5.28036E-02	    8.00641E-02	    9.94916E-02	    1.10646E-01	    1.14171E-01	
    5.16987E-02	    7.22745E-02	    8.17455E-02	    8.57728E-02	    8.69065E-02	
    5.19909E-02	    7.46802E-02	    8.74198E-02	    9.38027E-02	    9.57285E-02	
    5.22830E-02	    7.70611E-02	    9.29886E-02	    1.01656E-01	    1.04348E-01	
    5.26115E-02	    7.97116E-02	    9.91369E-02	    1.10296E-01	    1.13824E-01	
    5.15040E-02	    7.19248E-02	    8.14021E-02	    8.54391E-02	    8.65758E-02	
    5.17970E-02	    7.43304E-02	    8.70725E-02	    9.34634E-02	    9.53915E-02	
    5.20900E-02	    7.67112E-02	    9.26383E-02	    1.01311E-01	    1.04006E-01	
    5.24195E-02	    7.93619E-02	    9.87836E-02	    1.09948E-01	    1.13477E-01	
*
* Nu-Fission XSEC Table
*
* GROUP       1
    3.69441E-03	    6.22535E-03	    6.95738E-03	    7.19822E-03	    7.25882E-03	
    3.69162E-03	    6.21508E-03	    6.94500E-03	    7.18532E-03	    7.24582E-03	
    3.68882E-03	    6.20487E-03	    6.93270E-03	    7.17251E-03	    7.23290E-03	
    3.68569E-03	    6.19348E-03	    6.91900E-03	    7.15822E-03	    7.21848E-03	
    3.63259E-03	    6.19871E-03	    6.94509E-03	    7.19045E-03	    7.25216E-03	
    3.62986E-03	    6.18847E-03	    6.93270E-03	    7.17753E-03	    7.23914E-03	
    3.62715E-03	    6.17831E-03	    6.92043E-03	    7.16472E-03	    7.22621E-03	
    3.62411E-03	    6.16697E-03	    6.90674E-03	    7.15042E-03	    7.21180E-03	
    3.59837E-03	    6.18103E-03	    6.93532E-03	    7.18335E-03	    7.24573E-03	
    3.59568E-03	    6.17081E-03	    6.92294E-03	    7.17041E-03	    7.23267E-03	
    3.59301E-03	    6.16066E-03	    6.91064E-03	    7.15757E-03	    7.21971E-03	
    3.59002E-03	    6.14933E-03	    6.89695E-03	    7.14324E-03	    7.20526E-03	
    3.57064E-03	    6.16496E-03	    6.92577E-03	    7.17607E-03	    7.23902E-03	
    3.56799E-03	    6.15474E-03	    6.91333E-03	    7.16306E-03	    7.22589E-03	
    3.56536E-03	    6.14457E-03	    6.90101E-03	    7.15016E-03	    7.21288E-03	
    3.56240E-03	    6.13326E-03	    6.88727E-03	    7.13581E-03	    7.19838E-03	
* GROUP       2
    9.36036E-02	    1.29645E-01	    1.42966E-01	    1.47392E-01	    1.48477E-01	
    9.34881E-02	    1.28674E-01	    1.41409E-01	    1.45612E-01	    1.46641E-01	
    9.33740E-02	    1.27738E-01	    1.39926E-01	    1.43921E-01	    1.44899E-01	
    9.32470E-02	    1.26725E-01	    1.38337E-01	    1.42117E-01	    1.43041E-01	
    9.31489E-02	    1.28800E-01	    1.42149E-01	    1.46606E-01	    1.47700E-01	
    9.30385E-02	    1.27854E-01	    1.40623E-01	    1.44857E-01	    1.45895E-01	
    9.29294E-02	    1.26942E-01	    1.39168E-01	    1.43195E-01	    1.44181E-01	
    9.28079E-02	    1.25955E-01	    1.37609E-01	    1.41421E-01	    1.42353E-01	
    9.27816E-02	    1.28138E-01	    1.41508E-01	    1.45987E-01	    1.47088E-01	
    9.26749E-02	    1.27211E-01	    1.40004E-01	    1.44261E-01	    1.45306E-01	
    9.25695E-02	    1.26317E-01	    1.38570E-01	    1.42620E-01	    1.43613E-01	
    9.24522E-02	    1.25348E-01	    1.37033E-01	    1.40868E-01	    1.41807E-01	
    9.24170E-02	    1.27484E-01	    1.40870E-01	    1.45370E-01	    1.46477E-01	
    9.23138E-02	    1.26574E-01	    1.39388E-01	    1.43665E-01	    1.44717E-01	
    9.22118E-02	    1.25697E-01	    1.37974E-01	    1.42045E-01	    1.43044E-01	
    9.20983E-02	    1.24747E-01	    1.36458E-01	    1.40314E-01	    1.41259E-01	
*
* Kappa-Fission XSEC Table
*
* GROUP       1
    4.57580E-14	    7.69140E-14	    8.56623E-14	    8.84894E-14	    8.91955E-14	
    4.57225E-14	    7.67822E-14	    8.55029E-14	    8.83230E-14	    8.90279E-14	
    4.56868E-14	    7.66512E-14	    8.53447E-14	    8.81579E-14	    8.88612E-14	
    4.56470E-14	    7.65051E-14	    8.51683E-14	    8.79737E-14	    8.86753E-14	
    4.49549E-14	    7.65604E-14	    8.54941E-14	    8.83801E-14	    8.91009E-14	
    4.49202E-14	    7.64289E-14	    8.53347E-14	    8.82136E-14	    8.89329E-14	
    4.48857E-14	    7.62986E-14	    8.51768E-14	    8.80486E-14	    8.87663E-14	
    4.48471E-14	    7.61531E-14	    8.50007E-14	    8.78643E-14	    8.85804E-14	
    4.45109E-14	    7.63269E-14	    8.53630E-14	    8.82836E-14	    8.90130E-14	
    4.44766E-14	    7.61957E-14	    8.52036E-14	    8.81168E-14	    8.88446E-14	
    4.44427E-14	    7.60656E-14	    8.50455E-14	    8.79514E-14	    8.86775E-14	
    4.44047E-14	    7.59203E-14	    8.48692E-14	    8.77667E-14	    8.84913E-14	
    4.41514E-14	    7.61154E-14	    8.52355E-14	    8.81855E-14	    8.89225E-14	
    4.41177E-14	    7.59842E-14	    8.50754E-14	    8.80179E-14	    8.87532E-14	
    4.40842E-14	    7.58538E-14	    8.49168E-14	    8.78518E-14	    8.85855E-14	
    4.40467E-14	    7.57087E-14	    8.47402E-14	    8.76667E-14	    8.83985E-14	
* GROUP       2
    1.19413E-12	    1.65392E-12	    1.82385E-12	    1.88032E-12	    1.89416E-12	
    1.19266E-12	    1.64153E-12	    1.80400E-12	    1.85762E-12	    1.87075E-12	
    1.19120E-12	    1.62959E-12	    1.78507E-12	    1.83605E-12	    1.84851E-12	
    1.18958E-12	    1.61667E-12	    1.76481E-12	    1.81303E-12	    1.82481E-12	
    1.18833E-12	    1.64314E-12	    1.81344E-12	    1.87030E-12	    1.88426E-12	
    1.18692E-12	    1.63107E-12	    1.79397E-12	    1.84798E-12	    1.86123E-12	
    1.18553E-12	    1.61944E-12	    1.77540E-12	    1.82678E-12	    1.83936E-12	
    1.18398E-12	    1.60684E-12	    1.75552E-12	    1.80414E-12	    1.81603E-12	
    1.18364E-12	    1.63470E-12	    1.80526E-12	    1.86240E-12	    1.87645E-12	
    1.18228E-12	    1.62287E-12	    1.78607E-12	    1.84038E-12	    1.85371E-12	
    1.18094E-12	    1.61146E-12	    1.76777E-12	    1.81944E-12	    1.83211E-12	
    1.17944E-12	    1.59911E-12	    1.74817E-12	    1.79709E-12	    1.80907E-12	
    1.17899E-12	    1.62635E-12	    1.79712E-12	    1.85453E-12	    1.86865E-12	
    1.17767E-12	    1.61475E-12	    1.77821E-12	    1.83278E-12	    1.84619E-12	
    1.17637E-12	    1.60356E-12	    1.76017E-12	    1.81210E-12	    1.82486E-12	
    1.17492E-12	    1.59143E-12	    1.74084E-12	    1.79003E-12	    1.80209E-12	
*
* P0 Scattering XSEC Table
*
* GROUP       1 ->           1
    1.92210E-01	    3.16279E-01	    4.62752E-01	    5.59188E-01	    5.90747E-01	
    1.92195E-01	    3.16169E-01	    4.62521E-01	    5.58878E-01	    5.90403E-01	
    1.92179E-01	    3.16064E-01	    4.62293E-01	    5.58554E-01	    5.90055E-01	
    1.92163E-01	    3.15940E-01	    4.62033E-01	    5.58202E-01	    5.89666E-01	
    1.92846E-01	    3.16589E-01	    4.62955E-01	    5.59373E-01	    5.90921E-01	
    1.92830E-01	    3.16481E-01	    4.62731E-01	    5.59048E-01	    5.90577E-01	
    1.92814E-01	    3.16375E-01	    4.62498E-01	    5.58738E-01	    5.90231E-01	
    1.92797E-01	    3.16254E-01	    4.62238E-01	    5.58387E-01	    5.89843E-01	
    1.93176E-01	    3.16760E-01	    4.63067E-01	    5.59461E-01	    5.91012E-01	
    1.93160E-01	    3.16655E-01	    4.62841E-01	    5.59146E-01	    5.90665E-01	
    1.93145E-01	    3.16547E-01	    4.62610E-01	    5.58835E-01	    5.90321E-01	
    1.93128E-01	    3.16425E-01	    4.62349E-01	    5.58472E-01	    5.89936E-01	
    1.93430E-01	    3.16893E-01	    4.63153E-01	    5.59528E-01	    5.91069E-01	
    1.93415E-01	    3.16785E-01	    4.62918E-01	    5.59209E-01	    5.90728E-01	
    1.93399E-01	    3.16681E-01	    4.62690E-01	    5.58896E-01	    5.90387E-01	
    1.93383E-01	    3.16562E-01	    4.62434E-01	    5.58541E-01	    5.89999E-01	
* GROUP       1 ->           2
    2.83384E-04	    5.93897E-03	    1.41877E-02	    1.97951E-02	    2.16434E-02	
    2.81571E-04	    5.88562E-03	    1.40535E-02	    1.96050E-02	    2.14348E-02	
    2.79771E-04	    5.83288E-03	    1.39211E-02	    1.94175E-02	    2.12289E-02	
    2.77768E-04	    5.77429E-03	    1.37740E-02	    1.92093E-02	    2.10005E-02	
    2.70645E-04	    5.84122E-03	    1.40403E-02	    1.96288E-02	    2.14724E-02	
    2.68890E-04	    5.78838E-03	    1.39070E-02	    1.94396E-02	    2.12647E-02	
    2.67153E-04	    5.73618E-03	    1.37754E-02	    1.92531E-02	    2.10598E-02	
    2.65215E-04	    5.67819E-03	    1.36293E-02	    1.90460E-02	    2.08325E-02	
    2.64040E-04	    5.78579E-03	    1.39537E-02	    1.95301E-02	    2.13707E-02	
    2.62311E-04	    5.73313E-03	    1.38206E-02	    1.93411E-02	    2.11631E-02	
    2.60599E-04	    5.68113E-03	    1.36892E-02	    1.91547E-02	    2.09583E-02	
    2.58691E-04	    5.62336E-03	    1.35435E-02	    1.89479E-02	    2.07314E-02	
    2.58811E-04	    5.73973E-03	    1.38805E-02	    1.94464E-02	    2.12843E-02	
    2.57102E-04	    5.68715E-03	    1.37472E-02	    1.92570E-02	    2.10763E-02	
    2.55410E-04	    5.63515E-03	    1.36158E-02	    1.90704E-02	    2.08713E-02	
    2.53522E-04	    5.57748E-03	    1.34700E-02	    1.88636E-02	    2.06442E-02	
* GROUP       2 ->           1
    1.88459E-03	    1.37377E-03	    1.32626E-03	    1.32889E-03	    1.33195E-03	
    1.88985E-03	    1.41155E-03	    1.40874E-03	    1.44254E-03	    1.45598E-03	
    1.89508E-03	    1.44847E-03	    1.48861E-03	    1.55217E-03	    1.57550E-03	
    1.90093E-03	    1.48902E-03	    1.57551E-03	    1.67103E-03	    1.70497E-03	
    3.15442E-03	    1.85371E-03	    1.61658E-03	    1.56162E-03	    1.55078E-03	
    3.16295E-03	    1.90470E-03	    1.71723E-03	    1.69529E-03	    1.69531E-03	
    3.17142E-03	    1.95454E-03	    1.81467E-03	    1.82422E-03	    1.83459E-03	
    3.18088E-03	    2.00928E-03	    1.92073E-03	    1.96405E-03	    1.98550E-03	
    4.08288E-03	    2.23128E-03	    1.85244E-03	    1.75384E-03	    1.73247E-03	
    4.09345E-03	    2.29188E-03	    1.96660E-03	    1.90252E-03	    1.89239E-03	
    4.10395E-03	    2.35109E-03	    2.07712E-03	    2.04592E-03	    2.04649E-03	
    4.11566E-03	    2.41610E-03	    2.19737E-03	    2.20140E-03	    2.21341E-03	
    4.96522E-03	    2.61243E-03	    2.09730E-03	    1.95632E-03	    1.92468E-03	
    4.97749E-03	    2.68194E-03	    2.22427E-03	    2.11930E-03	    2.09928E-03	
    4.98966E-03	    2.74983E-03	    2.34716E-03	    2.27647E-03	    2.26750E-03	
    5.00326E-03	    2.82437E-03	    2.48084E-03	    2.44682E-03	    2.44967E-03	
* GROUP       2 ->           2
    2.04602E-01	    5.65254E-01	    1.04399E+00	    1.37186E+00	    1.48051E+00	
    2.04529E-01	    5.63152E-01	    1.03720E+00	    1.36131E+00	    1.46867E+00	
    2.04457E-01	    5.61121E-01	    1.03072E+00	    1.35131E+00	    1.45745E+00	
    2.04376E-01	    5.58914E-01	    1.02378E+00	    1.34064E+00	    1.44550E+00	
    2.03781E-01	    5.64661E-01	    1.04311E+00	    1.37083E+00	    1.47945E+00	
    2.03705E-01	    5.62574E-01	    1.03636E+00	    1.36035E+00	    1.46767E+00	
    2.03630E-01	    5.60556E-01	    1.02993E+00	    1.35040E+00	    1.45651E+00	
    2.03546E-01	    5.58363E-01	    1.02303E+00	    1.33980E+00	    1.44463E+00	
    2.03164E-01	    5.64166E-01	    1.04239E+00	    1.37000E+00	    1.47859E+00	
    2.03087E-01	    5.62091E-01	    1.03568E+00	    1.35957E+00	    1.46686E+00	
    2.03009E-01	    5.60083E-01	    1.02927E+00	    1.34966E+00	    1.45575E+00	
    2.02923E-01	    5.57901E-01	    1.02241E+00	    1.33910E+00	    1.44391E+00	
    2.02510E-01	    5.63594E-01	    1.04160E+00	    1.36910E+00	    1.47766E+00	
    2.02430E-01	    5.61531E-01	    1.03492E+00	    1.35871E+00	    1.46598E+00	
    2.02352E-01	    5.59534E-01	    1.02855E+00	    1.34885E+00	    1.45492E+00	
    2.02264E-01	    5.57364E-01	    1.02172E+00	    1.33834E+00	    1.44313E+00	
*
* ADF Table
*
* GROUP       1
    1.00000E+00	    1.00000E+00	    1.00000E+00	    1.00000E+00	    1.00000E+00	
    1.00000E+00	    1.00000E+00	    1.00000E+00	    1.00000E+00	    1.00000E+00	
    1.00000E+00	    1.00000E+00	    1.00000E+00	    1.00000E+00	    1.00000E+00	
    1.00000E+00	    1.00000E+00	    1.00000E+00	    1.00000E+00	    1.00000E+00	
    1.00000E+00	    1.00000E+00	    1.00000E+00	    1.00000E+00	    1.00000E+00	
    1.00000E+00	    1.00000E+00	    1.00000E+00	    1.00000E+00	    1.00000E+00	
    1.00000E+00	    1.00000E+00	    1.00000E+00	    1.00000E+00	    1.00000E+00	
    1.00000E+00	    1.00000E+00	    1.00000E+00	    1.00000E+00	    1.00000E+00	
    1.00000E+00	    1.00000E+00	    1.00000E+00	    1.00000E+00	    1.00000E+00	
    1.00000E+00	    1.00000E+00	    1.00000E+00	    1.00000E+00	    1.00000E+00	
    1.00000E+00	    1.00000E+00	    1.00000E+00	    1.00000E+00	    1.00000E+00	
    1.00000E+00	    1.00000E+00	    1.00000E+00	    1.00000E+00	    1.00000E+00	
    1.00000E+00	    1.00000E+00	    1.00000E+00	    1.00000E+00	    1.00000E+00	
    1.00000E+00	    1.00000E+00	    1.00000E+00	    1.00000E+00	    1.00000E+00	
    1.00000E+00	    1.00000E+00	    1.00000E+00	    1.00000E+00	    1.00000E+00	
    1.00000E+00	    1.00000E+00	    1.00000E+00	    1.00000E+00	    1.00000E+00	
* GROUP       2
    1.00000E+00	    1.00000E+00	    1.00000E+00	    1.00000E+00	    1.00000E+00	
    1.00000E+00	    1.00000E+00	    1.00000E+00	    1.00000E+00	    1.00000E+00	
    1.00000E+00	    1.00000E+00	    1.00000E+00	    1.00000E+00	    1.00000E+00	
    1.00000E+00	    1.00000E+00	    1.00000E+00	    1.00000E+00	    1.00000E+00	
    1.00000E+00	    1.00000E+00	    1.00000E+00	    1.00000E+00	    1.00000E+00	
    1.00000E+00	    1.00000E+00	    1.00000E+00	    1.00000E+00	    1.00000E+00	
    1.00000E+00	    1.00000E+00	    1.00000E+00	    1.00000E+00	    1.00000E+00	
    1.00000E+00	    1.00000E+00	    1.00000E+00	    1.00000E+00	    1.00000E+00	
    1.00000E+00	    1.00000E+00	    1.00000E+00	    1.00000E+00	    1.00000E+00	
    1.00000E+00	    1.00000E+00	    1.00000E+00	    1.00000E+00	    1.00000E+00	
    1.00000E+00	    1.00000E+00	    1.00000E+00	    1.00000E+00	    1.00000E+00	
    1.00000E+00	    1.00000E+00	    1.00000E+00	    1.00000E+00	    1.00000E+00	
    1.00000E+00	    1.00000E+00	    1.00000E+00	    1.00000E+00	    1.00000E+00	
    1.00000E+00	    1.00000E+00	    1.00000E+00	    1.00000E+00	    1.00000E+00	
    1.00000E+00	    1.00000E+00	    1.00000E+00	    1.00000E+00	    1.00000E+00	
    1.00000E+00	    1.00000E+00	    1.00000E+00	    1.00000E+00	    1.00000E+00	
*
* Fission spectrum
*
* GROUP       1              2
    1.00000E+00    0.00000E+00
*
* Inverse velocities
*
* GROUP       1              2
    5.92900E-08    2.45061E-06
*
* Delayed-Neutron Decay Constant (Lambda)
*
* GROUP       1              2              3              4              5              6
    1.24781E-02    3.07516E-02    1.14432E-01    3.09177E-01    1.22403E+00    3.27511E+00
*
* Delayed-Neutron Fraction (Beta)
*
* GROUP       1              2              3              4              5              6
    2.10597E-04    1.41701E-03    1.30109E-03    2.69416E-03    8.88857E-04    3.05017E-04
*
END