*      Mod Dens      Boron ppm      Fuel Temp      Mod Temp
              5              4              4              0
          50.00         300.00         600.00         800.00         865.80
           0.00         800.00        1600.00        2500.00
         473.15         973.15        1373.15        1773.15
*
* ----------------------------------------------------------
* BURNUP   0.000000e+00
* ----------------------------------------------------------
*
* Transport XSEC Table
*
* GROUP       1
    1.56459E-01	    1.81700E-01	    2.16098E-01	    2.39022E-01	    2.46524E-01	
    1.56457E-01	    1.81675E-01	    2.16049E-01	    2.38958E-01	    2.46455E-01	
    1.56456E-01	    1.81651E-01	    2.16000E-01	    2.38894E-01	    2.46386E-01	
    1.56454E-01	    1.81624E-01	    2.15945E-01	    2.38822E-01	    2.46309E-01	
    1.56609E-01	    1.81664E-01	    2.16008E-01	    2.38914E-01	    2.46412E-01	
    1.56608E-01	    1.81640E-01	    2.15959E-01	    2.38851E-01	    2.46343E-01	
    1.56606E-01	    1.81616E-01	    2.15910E-01	    2.38787E-01	    2.46275E-01	
    1.56605E-01	    1.81589E-01	    2.15855E-01	    2.38715E-01	    2.46198E-01	
    1.56680E-01	    1.81635E-01	    2.15949E-01	    2.38846E-01	    2.46341E-01	
    1.56678E-01	    1.81611E-01	    2.15901E-01	    2.38783E-01	    2.46273E-01	
    1.56677E-01	    1.81588E-01	    2.15852E-01	    2.38719E-01	    2.46204E-01	
    1.56676E-01	    1.81560E-01	    2.15798E-01	    2.38647E-01	    2.46128E-01	
    1.56729E-01	    1.81606E-01	    2.15895E-01	    2.38784E-01	    2.46277E-01	
    1.56728E-01	    1.81582E-01	    2.15847E-01	    2.38720E-01	    2.46209E-01	
    1.56727E-01	    1.81558E-01	    2.15798E-01	    2.38657E-01	    2.46140E-01	
    1.56725E-01	    1.81531E-01	    2.15744E-01	    2.38586E-01	    2.46063E-01	
* GROUP       2
    2.39780E-01	    4.56482E-01	    7.36900E-01	    9.29447E-01	    9.93364E-01	
    2.39994E-01	    4.57015E-01	    7.36397E-01	    9.27724E-01	    9.91179E-01	
    2.40207E-01	    4.57582E-01	    7.36080E-01	    9.26350E-01	    9.89402E-01	
    2.40447E-01	    4.58257E-01	    7.35927E-01	    9.25180E-01	    9.87844E-01	
    2.40125E-01	    4.56300E-01	    7.36100E-01	    9.28211E-01	    9.91981E-01	
    2.40338E-01	    4.56849E-01	    7.35645E-01	    9.26563E-01	    9.89880E-01	
    2.40552E-01	    4.57430E-01	    7.35375E-01	    9.25259E-01	    9.88181E-01	
    2.40793E-01	    4.58121E-01	    7.35269E-01	    9.24160E-01	    9.86705E-01	
    2.40342E-01	    4.56108E-01	    7.35438E-01	    9.27221E-01	    9.90881E-01	
    2.40556E-01	    4.56670E-01	    7.35023E-01	    9.25632E-01	    9.88845E-01	
    2.40771E-01	    4.57263E-01	    7.34786E-01	    9.24381E-01	    9.87205E-01	
    2.41012E-01	    4.57966E-01	    7.34718E-01	    9.23336E-01	    9.85789E-01	
    2.40469E-01	    4.55821E-01	    7.34686E-01	    9.26144E-01	    9.89696E-01	
    2.40683E-01	    4.56395E-01	    7.34307E-01	    9.24614E-01	    9.87725E-01	
    2.40898E-01	    4.57000E-01	    7.34106E-01	    9.23415E-01	    9.86145E-01	
    2.41140E-01	    4.57716E-01	    7.34074E-01	    9.22426E-01	    9.84789E-01	
*
* Absorption XSEC Table
*
* GROUP       1
    5.56612E-03	    8.96493E-03	    1.01022E-02	    1.04953E-02	    1.05954E-02	
    5.56668E-03	    9.01370E-03	    1.02283E-02	    1.06747E-02	    1.07922E-02	
    5.56725E-03	    9.06199E-03	    1.03528E-02	    1.08516E-02	    1.09865E-02	
    5.56786E-03	    9.11555E-03	    1.04909E-02	    1.10479E-02	    1.12021E-02	
    5.64725E-03	    9.19281E-03	    1.04041E-02	    1.08252E-02	    1.09324E-02	
    5.64765E-03	    9.24062E-03	    1.05286E-02	    1.10027E-02	    1.11273E-02	
    5.64805E-03	    9.28763E-03	    1.06514E-02	    1.11778E-02	    1.13197E-02	
    5.64851E-03	    9.33997E-03	    1.07876E-02	    1.13719E-02	    1.15330E-02	
    5.69004E-03	    9.33000E-03	    1.05923E-02	    1.10331E-02	    1.11454E-02	
    5.69037E-03	    9.37702E-03	    1.07157E-02	    1.12094E-02	    1.13391E-02	
    5.69072E-03	    9.42351E-03	    1.08374E-02	    1.13833E-02	    1.15301E-02	
    5.69105E-03	    9.47493E-03	    1.09725E-02	    1.15761E-02	    1.17421E-02	
    5.72375E-03	    9.44851E-03	    1.07585E-02	    1.12180E-02	    1.13351E-02	
    5.72400E-03	    9.49493E-03	    1.08810E-02	    1.13932E-02	    1.15278E-02	
    5.72426E-03	    9.54077E-03	    1.10018E-02	    1.15660E-02	    1.17177E-02	
    5.72449E-03	    9.59164E-03	    1.11358E-02	    1.17576E-02	    1.19284E-02	
* GROUP       2
    5.53580E-02	    7.83414E-02	    8.91883E-02	    9.37578E-02	    9.50304E-02	
    5.56279E-02	    8.05136E-02	    9.43405E-02	    1.01077E-01	    1.03080E-01	
    5.58973E-02	    8.26674E-02	    9.94086E-02	    1.08252E-01	    1.10964E-01	
    5.62002E-02	    8.50696E-02	    1.05016E-01	    1.16165E-01	    1.19652E-01	
    5.51978E-02	    7.79007E-02	    8.87312E-02	    9.33071E-02	    9.45822E-02	
    5.54682E-02	    8.00742E-02	    9.38805E-02	    1.00621E-01	    1.02626E-01	
    5.57386E-02	    8.22293E-02	    9.89464E-02	    1.07791E-01	    1.10505E-01	
    5.60427E-02	    8.46332E-02	    1.04552E-01	    1.15700E-01	    1.19187E-01	
    5.50651E-02	    7.75610E-02	    8.83791E-02	    9.29594E-02	    9.42364E-02	
    5.53362E-02	    7.97352E-02	    9.35262E-02	    1.00269E-01	    1.02275E-01	
    5.56073E-02	    8.18913E-02	    9.85901E-02	    1.07436E-01	    1.10150E-01	
    5.59122E-02	    8.42964E-02	    1.04195E-01	    1.15341E-01	    1.18829E-01	
    5.49287E-02	    7.72239E-02	    8.80286E-02	    9.26124E-02	    9.38911E-02	
    5.52001E-02	    7.93988E-02	    9.31733E-02	    9.99177E-02	    1.01925E-01	
    5.54719E-02	    8.15558E-02	    9.82357E-02	    1.07081E-01	    1.09796E-01	
    5.57777E-02	    8.39621E-02	    1.03839E-01	    1.14985E-01	    1.18472E-01	
*
* Nu-Fission XSEC Table
*
* GROUP       1
    4.01312E-03	    6.78603E-03	    7.59085E-03	    7.85348E-03	    7.91909E-03	
    4.01023E-03	    6.77494E-03	    7.57728E-03	    7.83916E-03	    7.90461E-03	
    4.00737E-03	    6.76400E-03	    7.56385E-03	    7.82501E-03	    7.89028E-03	
    4.00412E-03	    6.75179E-03	    7.54895E-03	    7.80933E-03	    7.87443E-03	
    3.94679E-03	    6.75695E-03	    7.57794E-03	    7.84571E-03	    7.91260E-03	
    3.94398E-03	    6.74601E-03	    7.56436E-03	    7.83135E-03	    7.89804E-03	
    3.94119E-03	    6.73507E-03	    7.55097E-03	    7.81721E-03	    7.88373E-03	
    3.93806E-03	    6.72294E-03	    7.53601E-03	    7.80143E-03	    7.86777E-03	
    3.91017E-03	    6.73783E-03	    7.56775E-03	    7.83853E-03	    7.90618E-03	
    3.90742E-03	    6.72685E-03	    7.55415E-03	    7.82412E-03	    7.89156E-03	
    3.90470E-03	    6.71602E-03	    7.54070E-03	    7.80991E-03	    7.87714E-03	
    3.90160E-03	    6.70385E-03	    7.52575E-03	    7.79411E-03	    7.86116E-03	
    3.88062E-03	    6.72082E-03	    7.55811E-03	    7.83150E-03	    7.89978E-03	
    3.87790E-03	    6.70983E-03	    7.54446E-03	    7.81699E-03	    7.88509E-03	
    3.87520E-03	    6.69895E-03	    7.53099E-03	    7.80274E-03	    7.87062E-03	
    3.87215E-03	    6.68687E-03	    7.51600E-03	    7.78688E-03	    7.85456E-03	
* GROUP       2
    9.94465E-02	    1.39506E-01	    1.55757E-01	    1.61453E-01	    1.62881E-01	
    9.93499E-02	    1.38551E-01	    1.54122E-01	    1.59530E-01	    1.60882E-01	
    9.92534E-02	    1.37629E-01	    1.52563E-01	    1.57705E-01	    1.58986E-01	
    9.91458E-02	    1.36628E-01	    1.50891E-01	    1.55757E-01	    1.56965E-01	
    9.91370E-02	    1.38672E-01	    1.54900E-01	    1.60612E-01	    1.62045E-01	
    9.90428E-02	    1.37741E-01	    1.53296E-01	    1.58721E-01	    1.60079E-01	
    9.89498E-02	    1.36841E-01	    1.51765E-01	    1.56926E-01	    1.58213E-01	
    9.88462E-02	    1.35865E-01	    1.50125E-01	    1.55010E-01	    1.56224E-01	
    9.88856E-02	    1.38033E-01	    1.54242E-01	    1.59965E-01	    1.61403E-01	
    9.87938E-02	    1.37119E-01	    1.52660E-01	    1.58098E-01	    1.59460E-01	
    9.87034E-02	    1.36236E-01	    1.51151E-01	    1.56324E-01	    1.57616E-01	
    9.86024E-02	    1.35277E-01	    1.49533E-01	    1.54431E-01	    1.55651E-01	
    9.86288E-02	    1.37401E-01	    1.53588E-01	    1.59321E-01	    1.60762E-01	
    9.85389E-02	    1.36503E-01	    1.52028E-01	    1.57476E-01	    1.58842E-01	
    9.84506E-02	    1.35635E-01	    1.50539E-01	    1.55723E-01	    1.57019E-01	
    9.83525E-02	    1.34693E-01	    1.48942E-01	    1.53853E-01	    1.55076E-01	
*
* Kappa-Fission XSEC Table
*
* GROUP       1
    4.96648E-14	    8.37800E-14	    9.33937E-14	    9.64732E-14	    9.72367E-14	
    4.96281E-14	    8.36377E-14	    9.32192E-14	    9.62888E-14	    9.70501E-14	
    4.95916E-14	    8.34975E-14	    9.30464E-14	    9.61067E-14	    9.68656E-14	
    4.95504E-14	    8.33408E-14	    9.28547E-14	    9.59047E-14	    9.66614E-14	
    4.88027E-14	    8.33936E-14	    9.32164E-14	    9.63628E-14	    9.71429E-14	
    4.87670E-14	    8.32534E-14	    9.30417E-14	    9.61779E-14	    9.69553E-14	
    4.87315E-14	    8.31130E-14	    9.28694E-14	    9.59958E-14	    9.67710E-14	
    4.86918E-14	    8.29575E-14	    9.26770E-14	    9.57927E-14	    9.65655E-14	
    4.83275E-14	    8.31411E-14	    9.30790E-14	    9.62645E-14	    9.70544E-14	
    4.82925E-14	    8.30002E-14	    9.29041E-14	    9.60791E-14	    9.68663E-14	
    4.82579E-14	    8.28613E-14	    9.27311E-14	    9.58961E-14	    9.66806E-14	
    4.82185E-14	    8.27052E-14	    9.25389E-14	    9.56927E-14	    9.64748E-14	
    4.79441E-14	    8.29169E-14	    9.29499E-14	    9.61692E-14	    9.69674E-14	
    4.79097E-14	    8.27759E-14	    9.27742E-14	    9.59824E-14	    9.67782E-14	
    4.78753E-14	    8.26365E-14	    9.26010E-14	    9.57990E-14	    9.65919E-14	
    4.78366E-14	    8.24815E-14	    9.24084E-14	    9.55949E-14	    9.63851E-14	
* GROUP       2
    1.26867E-12	    1.77972E-12	    1.98703E-12	    2.05970E-12	    2.07792E-12	
    1.26744E-12	    1.76754E-12	    1.96618E-12	    2.03518E-12	    2.05242E-12	
    1.26620E-12	    1.75577E-12	    1.94629E-12	    2.01188E-12	    2.02823E-12	
    1.26483E-12	    1.74300E-12	    1.92496E-12	    1.98704E-12	    2.00245E-12	
    1.26472E-12	    1.76908E-12	    1.97610E-12	    2.04897E-12	    2.06726E-12	
    1.26352E-12	    1.75720E-12	    1.95564E-12	    2.02486E-12	    2.04217E-12	
    1.26233E-12	    1.74572E-12	    1.93612E-12	    2.00195E-12	    2.01837E-12	
    1.26101E-12	    1.73327E-12	    1.91519E-12	    1.97751E-12	    1.99300E-12	
    1.26151E-12	    1.76093E-12	    1.96771E-12	    2.04072E-12	    2.05906E-12	
    1.26034E-12	    1.74927E-12	    1.94753E-12	    2.01691E-12	    2.03428E-12	
    1.25919E-12	    1.73800E-12	    1.92828E-12	    1.99428E-12	    2.01075E-12	
    1.25790E-12	    1.72577E-12	    1.90763E-12	    1.97013E-12	    1.98568E-12	
    1.25824E-12	    1.75286E-12	    1.95937E-12	    2.03250E-12	    2.05089E-12	
    1.25709E-12	    1.74140E-12	    1.93946E-12	    2.00897E-12	    2.02639E-12	
    1.25596E-12	    1.73033E-12	    1.92047E-12	    1.98661E-12	    2.00314E-12	
    1.25471E-12	    1.71831E-12	    1.90009E-12	    1.96274E-12	    1.97835E-12	
*
* P0 Scattering XSEC Table
*
* GROUP       1 ->           1
    2.02614E-01	    3.18673E-01	    4.56063E-01	    5.46493E-01	    5.76075E-01	
    2.02599E-01	    3.18569E-01	    4.55840E-01	    5.46189E-01	    5.75745E-01	
    2.02585E-01	    3.18465E-01	    4.55618E-01	    5.45886E-01	    5.75415E-01	
    2.02569E-01	    3.18348E-01	    4.55367E-01	    5.45544E-01	    5.75044E-01	
    2.03323E-01	    3.19070E-01	    4.56347E-01	    5.46745E-01	    5.76322E-01	
    2.03309E-01	    3.18967E-01	    4.56126E-01	    5.46443E-01	    5.75993E-01	
    2.03294E-01	    3.18863E-01	    4.55905E-01	    5.46141E-01	    5.75665E-01	
    2.03278E-01	    3.18747E-01	    4.55655E-01	    5.45802E-01	    5.75295E-01	
    2.03692E-01	    3.19288E-01	    4.56505E-01	    5.46883E-01	    5.76455E-01	
    2.03677E-01	    3.19186E-01	    4.56284E-01	    5.46582E-01	    5.76128E-01	
    2.03663E-01	    3.19084E-01	    4.56063E-01	    5.46282E-01	    5.75800E-01	
    2.03647E-01	    3.18968E-01	    4.55815E-01	    5.45942E-01	    5.75432E-01	
    2.03976E-01	    3.19461E-01	    4.56624E-01	    5.46985E-01	    5.76554E-01	
    2.03961E-01	    3.19359E-01	    4.56404E-01	    5.46686E-01	    5.76228E-01	
    2.03947E-01	    3.19257E-01	    4.56184E-01	    5.46386E-01	    5.75902E-01	
    2.03931E-01	    3.19142E-01	    4.55937E-01	    5.46049E-01	    5.75534E-01	
* GROUP       1 ->           2
    2.62273E-04	    5.52339E-03	    1.32257E-02	    1.84579E-02	    2.01811E-02	
    2.60683E-04	    5.47478E-03	    1.31027E-02	    1.82833E-02	    1.99897E-02	
    2.59115E-04	    5.42695E-03	    1.29814E-02	    1.81113E-02	    1.98008E-02	
    2.57356E-04	    5.37366E-03	    1.28467E-02	    1.79204E-02	    1.95914E-02	
    2.49968E-04	    5.43073E-03	    1.30864E-02	    1.83004E-02	    2.00192E-02	
    2.48442E-04	    5.38278E-03	    1.29642E-02	    1.81268E-02	    1.98285E-02	
    2.46926E-04	    5.33521E-03	    1.28435E-02	    1.79555E-02	    1.96404E-02	
    2.45239E-04	    5.28259E-03	    1.27097E-02	    1.77656E-02	    1.94319E-02	
    2.43606E-04	    5.37850E-03	    1.30051E-02	    1.82078E-02	    1.99237E-02	
    2.42111E-04	    5.33065E-03	    1.28832E-02	    1.80342E-02	    1.97330E-02	
    2.40628E-04	    5.28346E-03	    1.27627E-02	    1.78633E-02	    1.95450E-02	
    2.38971E-04	    5.23092E-03	    1.26292E-02	    1.76735E-02	    1.93368E-02	
    2.38581E-04	    5.33521E-03	    1.29368E-02	    1.81298E-02	    1.98429E-02	
    2.37105E-04	    5.28743E-03	    1.28147E-02	    1.79560E-02	    1.96522E-02	
    2.35646E-04	    5.24029E-03	    1.26943E-02	    1.77847E-02	    1.94640E-02	
    2.34009E-04	    5.18795E-03	    1.25608E-02	    1.75949E-02	    1.92556E-02	
* GROUP       2 ->           1
    2.05287E-03	    1.56707E-03	    1.50422E-03	    1.50042E-03	    1.50178E-03	
    2.05625E-03	    1.59954E-03	    1.57861E-03	    1.60426E-03	    1.61545E-03	
    2.05962E-03	    1.63126E-03	    1.65056E-03	    1.70433E-03	    1.72489E-03	
    2.06339E-03	    1.66609E-03	    1.72882E-03	    1.81273E-03	    1.84333E-03	
    3.50386E-03	    2.16593E-03	    1.87251E-03	    1.79678E-03	    1.78072E-03	
    3.50966E-03	    2.21084E-03	    1.96507E-03	    1.92105E-03	    1.91537E-03	
    3.51542E-03	    2.25473E-03	    2.05462E-03	    2.04079E-03	    2.04504E-03	
    3.52185E-03	    2.30292E-03	    2.15205E-03	    2.17057E-03	    2.18540E-03	
    4.57946E-03	    2.63717E-03	    2.17096E-03	    2.04071E-03	    2.01138E-03	
    4.58688E-03	    2.69119E-03	    2.27708E-03	    2.18029E-03	    2.16186E-03	
    4.59421E-03	    2.74397E-03	    2.37978E-03	    2.31484E-03	    2.30671E-03	
    4.60244E-03	    2.80191E-03	    2.49146E-03	    2.46062E-03	    2.46354E-03	
    5.59969E-03	    3.10873E-03	    2.47778E-03	    2.29503E-03	    2.25288E-03	
    5.60846E-03	    3.17118E-03	    2.59674E-03	    2.44915E-03	    2.41834E-03	
    5.61719E-03	    3.23220E-03	    2.71182E-03	    2.59773E-03	    2.57767E-03	
    5.62690E-03	    3.29918E-03	    2.83697E-03	    2.75869E-03	    2.75011E-03	
* GROUP       2 ->           2
    2.12948E-01	    5.48010E-01	    9.96039E-01	    1.30365E+00	    1.40564E+00	
    2.12887E-01	    5.46271E-01	    9.90234E-01	    1.29456E+00	    1.39541E+00	
    2.12827E-01	    5.44586E-01	    9.84681E-01	    1.28591E+00	    1.38569E+00	
    2.12760E-01	    5.42749E-01	    9.78712E-01	    1.27665E+00	    1.37530E+00	
    2.12029E-01	    5.47537E-01	    9.95315E-01	    1.30276E+00	    1.40471E+00	
    2.11966E-01	    5.45806E-01	    9.89546E-01	    1.29373E+00	    1.39454E+00	
    2.11903E-01	    5.44127E-01	    9.84026E-01	    1.28513E+00	    1.38487E+00	
    2.11832E-01	    5.42297E-01	    9.78090E-01	    1.27592E+00	    1.37453E+00	
    2.11324E-01	    5.47144E-01	    9.94744E-01	    1.30208E+00	    1.40399E+00	
    2.11260E-01	    5.45418E-01	    9.89002E-01	    1.29308E+00	    1.39386E+00	
    2.11195E-01	    5.43745E-01	    9.83505E-01	    1.28451E+00	    1.38423E+00	
    2.11123E-01	    5.41920E-01	    9.77593E-01	    1.27534E+00	    1.37394E+00	
    2.10584E-01	    5.46668E-01	    9.94100E-01	    1.30132E+00	    1.40320E+00	
    2.10517E-01	    5.44949E-01	    9.88382E-01	    1.29237E+00	    1.39312E+00	
    2.10451E-01	    5.43280E-01	    9.82908E-01	    1.28383E+00	    1.38353E+00	
    2.10377E-01	    5.41461E-01	    9.77021E-01	    1.27470E+00	    1.37327E+00	
*
* ADF Table
*
* GROUP       1
   1.00000E+00	   1.00000E+00	   1.00000E+00	   1.00000E+00	   1.00000E+00	
   1.00000E+00	   1.00000E+00	   1.00000E+00	   1.00000E+00	   1.00000E+00	
   1.00000E+00	   1.00000E+00	   1.00000E+00	   1.00000E+00	   1.00000E+00	
   1.00000E+00	   1.00000E+00	   1.00000E+00	   1.00000E+00	   1.00000E+00	
   1.00000E+00	   1.00000E+00	   1.00000E+00	   1.00000E+00	   1.00000E+00	
   1.00000E+00	   1.00000E+00	   1.00000E+00	   1.00000E+00	   1.00000E+00	
   1.00000E+00	   1.00000E+00	   1.00000E+00	   1.00000E+00	   1.00000E+00	
   1.00000E+00	   1.00000E+00	   1.00000E+00	   1.00000E+00	   1.00000E+00	
   1.00000E+00	   1.00000E+00	   1.00000E+00	   1.00000E+00	   1.00000E+00	
   1.00000E+00	   1.00000E+00	   1.00000E+00	   1.00000E+00	   1.00000E+00	
   1.00000E+00	   1.00000E+00	   1.00000E+00	   1.00000E+00	   1.00000E+00	
   1.00000E+00	   1.00000E+00	   1.00000E+00	   1.00000E+00	   1.00000E+00	
   1.00000E+00	   1.00000E+00	   1.00000E+00	   1.00000E+00	   1.00000E+00	
   1.00000E+00	   1.00000E+00	   1.00000E+00	   1.00000E+00	   1.00000E+00	
   1.00000E+00	   1.00000E+00	   1.00000E+00	   1.00000E+00	   1.00000E+00	
   1.00000E+00	   1.00000E+00	   1.00000E+00	   1.00000E+00	   1.00000E+00	
* GROUP       2
   1.00000E+00	   1.00000E+00	   1.00000E+00	   1.00000E+00	   1.00000E+00	
   1.00000E+00	   1.00000E+00	   1.00000E+00	   1.00000E+00	   1.00000E+00	
   1.00000E+00	   1.00000E+00	   1.00000E+00	   1.00000E+00	   1.00000E+00	
   1.00000E+00	   1.00000E+00	   1.00000E+00	   1.00000E+00	   1.00000E+00	
   1.00000E+00	   1.00000E+00	   1.00000E+00	   1.00000E+00	   1.00000E+00	
   1.00000E+00	   1.00000E+00	   1.00000E+00	   1.00000E+00	   1.00000E+00	
   1.00000E+00	   1.00000E+00	   1.00000E+00	   1.00000E+00	   1.00000E+00	
   1.00000E+00	   1.00000E+00	   1.00000E+00	   1.00000E+00	   1.00000E+00	
   1.00000E+00	   1.00000E+00	   1.00000E+00	   1.00000E+00	   1.00000E+00	
   1.00000E+00	   1.00000E+00	   1.00000E+00	   1.00000E+00	   1.00000E+00	
   1.00000E+00	   1.00000E+00	   1.00000E+00	   1.00000E+00	   1.00000E+00	
   1.00000E+00	   1.00000E+00	   1.00000E+00	   1.00000E+00	   1.00000E+00	
   1.00000E+00	   1.00000E+00	   1.00000E+00	   1.00000E+00	   1.00000E+00	
   1.00000E+00	   1.00000E+00	   1.00000E+00	   1.00000E+00	   1.00000E+00	
   1.00000E+00	   1.00000E+00	   1.00000E+00	   1.00000E+00	   1.00000E+00	
   1.00000E+00	   1.00000E+00	   1.00000E+00	   1.00000E+00	   1.00000E+00	
*
* Fission spectrum
*
* GROUP       1              2
    1.00000E+00	    0.00000E+00		
*
* Inverse velocities
*
* GROUP       1              2
    5.83025E-08    2.42763E-06
*
* Delayed-Neutron Decay Constant (Lambda)
*
* GROUP       1              2              3              4              5              6
    1.24887E-02    3.07849E-02    1.14894E-01    3.10244E-01    1.23332E+00    3.30686E+00
*
* Delayed-Neutron Fraction (Beta)
*
* GROUP       1              2              3              4              5              6
    2.08087E-04    1.40328E-03    1.29309E-03    2.68707E-03    9.00219E-04    3.06849E-04
*
END